 0  0.14108187134502925  0.9446271929824561  0.10014619883040936  0.044956140350877194  
 0  0.13998538011695907  0.8706140350877193  0.10087719298245613  0.046052631578947366  
 0  0.13998538011695907  0.7933114035087719  0.09941520467836257  0.047149122807017545  
 0  0.14108187134502925  0.71875  0.10160818713450293  0.044956140350877194  
 0  0.14108187134502925  0.6408991228070176  0.10307017543859649  0.047149122807017545  
 0  0.14144736842105263  0.5657894736842105  0.09941520467836257  0.043859649122807015  
 0  0.13998538011695907  0.48739035087719296  0.09941520467836257  0.04276315789473684  
 0  0.13998538011695907  0.41228070175438597  0.1023391812865497  0.046052631578947366  
 0  0.13961988304093567  0.3360745614035088  0.10014619883040936  0.044956140350877194  
 0  0.14035087719298245  0.2582236842105263  0.10014619883040936  0.047149122807017545  
 0  0.13998538011695907  0.18092105263157895  0.10087719298245613  0.043859649122807015  
 0  0.13998538011695907  0.10416666666666667  0.1023391812865497  0.043859649122807015  
 0  0.13961988304093567  0.025219298245614034  0.10160818713450293  0.041666666666666664  
 0  0.4718567251461988  0.09046052631578948  0.17251461988304093  0.0668859649122807  
 0  0.4733187134502924  0.5148026315789473  0.17105263157894737  0.0668859649122807  
 0  0.47441520467836257  0.9385964912280702  0.1703216374269006  0.06578947368421052  
