 0  0.4725877192982456  0.09100877192982457  0.1739766081871345  0.06578947368421052  
 0  0.4725877192982456  0.5142543859649122  0.1739766081871345  0.06578947368421052  
 0  0.472953216374269  0.9358552631578947  0.17178362573099415  0.06469298245614036  
 0  0.14108187134502925  0.9457236842105263  0.10014619883040936  0.047149122807017545  
 0  0.14071637426900585  0.025219298245614034  0.1023391812865497  0.046052631578947366  
 0  0.14035087719298245  0.10416666666666667  0.10307017543859649  0.046052631578947366  
 0  0.13998538011695907  0.18092105263157895  0.09941520467836257  0.046052631578947366  
 0  0.14108187134502925  0.25877192982456143  0.10307017543859649  0.04824561403508772  
 0  0.13998538011695907  0.33497807017543857  0.09941520467836257  0.047149122807017545  
 0  0.13961988304093567  0.4128289473684211  0.10014619883040936  0.044956140350877194  
 0  0.14071637426900585  0.48903508771929827  0.10380116959064327  0.046052631578947366  
 0  0.13998538011695907  0.5646929824561403  0.10087719298245613  0.046052631578947366  
 0  0.14144736842105263  0.6408991228070176  0.1023391812865497  0.04276315789473684  
 0  0.14144736842105263  0.71875  0.09941520467836257  0.047149122807017545  
 0  0.14144736842105263  0.7933114035087719  0.10087719298245613  0.044956140350877194  
 0  0.14071637426900585  0.8711622807017544  0.1023391812865497  0.047149122807017545  
