 0  0.13998538011695907  0.025767543859649123  0.1023391812865497  0.044956140350877194  
 0  0.13998538011695907  0.10416666666666667  0.1023391812865497  0.046052631578947366  
 0  0.4722222222222222  0.08991228070175439  0.17178362573099415  0.06798245614035088  
 0  0.47368421052631576  0.5169956140350878  0.1703216374269006  0.0668859649122807  
 0  0.47404970760233917  0.9369517543859649  0.17251461988304093  0.06469298245614036  
 0  0.14071637426900585  0.18037280701754385  0.09941520467836257  0.044956140350877194  
 0  0.1388888888888889  0.2576754385964912  0.10160818713450293  0.043859649122807015  
 0  0.13961988304093567  0.33497807017543857  0.10160818713450293  0.047149122807017545  
 0  0.13961988304093567  0.4128289473684211  0.10014619883040936  0.044956140350877194  
 0  0.14071637426900585  0.4895833333333333  0.10087719298245613  0.049342105263157895  
 0  0.14144736842105263  0.5657894736842105  0.1023391812865497  0.046052631578947366  
 0  0.14108187134502925  0.6414473684210527  0.10307017543859649  0.04824561403508772  
 0  0.14108187134502925  0.7171052631578947  0.10307017543859649  0.04824561403508772  
 0  0.14035087719298245  0.7933114035087719  0.10014619883040936  0.047149122807017545  
 0  0.14071637426900585  0.8700657894736842  0.1023391812865497  0.047149122807017545  
 0  0.14181286549707603  0.9446271929824561  0.10014619883040936  0.047149122807017545  
