 0  0.2448830409356725  0.2774122807017544  0.12646198830409358  0.05482456140350877  
 0  0.2452485380116959  0.37280701754385964  0.12719298245614036  0.05482456140350877  
 0  0.24561403508771928  0.46710526315789475  0.12646198830409358  0.05482456140350877  
 0  0.2459795321637427  0.5635964912280702  0.12719298245614036  0.05263157894736842  
 0  0.24671052631578946  0.6551535087719298  0.12573099415204678  0.049342105263157895  
 0  0.24561403508771928  0.75  0.12792397660818713  0.05482456140350877  
 0  0.5588450292397661  0.2779605263157895  0.12280701754385964  0.0537280701754386  
 0  0.5603070175438597  0.3744517543859649  0.12426900584795321  0.0537280701754386  
 0  0.5584795321637427  0.47039473684210525  0.125  0.05482456140350877  
 0  0.5592105263157895  0.5652412280701754  0.12353801169590643  0.051535087719298246  
 0  0.5584795321637427  0.6595394736842105  0.12792397660818713  0.051535087719298246  
 0  0.5581140350877193  0.7521929824561403  0.12573099415204678  0.05263157894736842  
