 0  0.24451754385964913  0.2774122807017544  0.12719298245614036  0.06140350877192982  
 0  0.5599415204678363  0.27905701754385964  0.12646198830409358  0.05592105263157895  
 0  0.2452485380116959  0.37225877192982454  0.1286549707602339  0.0537280701754386  
 0  0.5603070175438597  0.37390350877192985  0.12719298245614036  0.05263157894736842  
 0  0.2459795321637427  0.46655701754385964  0.12719298245614036  0.0537280701754386  
 0  0.2459795321637427  0.5641447368421053  0.12426900584795321  0.0537280701754386  
 0  0.5577485380116959  0.5652412280701754  0.12646198830409358  0.05592105263157895  
 0  0.5595760233918129  0.46984649122807015  0.12573099415204678  0.0581140350877193  
 0  0.2463450292397661  0.6573464912280702  0.12646198830409358  0.05592105263157895  
 0  0.24744152046783627  0.7516447368421053  0.12573099415204678  0.0537280701754386  
 0  0.5588450292397661  0.6584429824561403  0.12280701754385964  0.051535087719298246  
 0  0.5577485380116959  0.7538377192982456  0.12646198830409358  0.05592105263157895  
