 0  0.24561403508771928  0.27576754385964913  0.12792397660818713  0.05592105263157895  
 0  0.2459795321637427  0.3717105263157895  0.1286549707602339  0.05921052631578947  
 0  0.24671052631578946  0.4654605263157895  0.1286549707602339  0.05592105263157895  
 0  0.24671052631578946  0.5597587719298246  0.12719298245614036  0.0537280701754386  
 0  0.2463450292397661  0.6557017543859649  0.12646198830409358  0.05701754385964912  
 0  0.24671052631578946  0.7483552631578947  0.12719298245614036  0.0537280701754386  
 0  0.5610380116959064  0.2768640350877193  0.12719298245614036  0.0581140350877193  
 0  0.5599415204678363  0.37280701754385964  0.12646198830409358  0.05701754385964912  
 0  0.5603070175438597  0.4682017543859649  0.12426900584795321  0.05263157894736842  
 0  0.5584795321637427  0.5635964912280702  0.125  0.05482456140350877  
 0  0.5584795321637427  0.6567982456140351  0.125  0.05263157894736842  
 0  0.5581140350877193  0.7510964912280702  0.12573099415204678  0.05043859649122807  
