 0  0.2459795321637427  0.2746710526315789  0.12719298245614036  0.0581140350877193  
 0  0.2452485380116959  0.3706140350877193  0.12573099415204678  0.05263157894736842  
 0  0.2463450292397661  0.4649122807017544  0.125  0.05482456140350877  
 0  0.2459795321637427  0.5608552631578947  0.12573099415204678  0.05592105263157895  
 0  0.2452485380116959  0.6535087719298246  0.12719298245614036  0.05482456140350877  
 0  0.24671052631578946  0.7489035087719298  0.1286549707602339  0.05482456140350877  
 0  0.5599415204678363  0.27631578947368424  0.12646198830409358  0.05482456140350877  
 0  0.5592105263157895  0.3706140350877193  0.125  0.05263157894736842  
 0  0.5595760233918129  0.46765350877192985  0.12426900584795321  0.051535087719298246  
 0  0.5584795321637427  0.5630482456140351  0.12353801169590643  0.051535087719298246  
 0  0.5581140350877193  0.6578947368421053  0.12280701754385964  0.05482456140350877  
 0  0.5581140350877193  0.7505482456140351  0.12719298245614036  0.051535087719298246  
