 0  0.24561403508771928  0.2746710526315789  0.12938596491228072  0.0581140350877193  
 0  0.24671052631578946  0.3711622807017544  0.1286549707602339  0.0581140350877193  
 0  0.2459795321637427  0.46381578947368424  0.12719298245614036  0.05482456140350877  
 0  0.5592105263157895  0.2741228070175439  0.12792397660818713  0.05263157894736842  
 0  0.5599415204678363  0.3711622807017544  0.125  0.0537280701754386  
 0  0.5599415204678363  0.46600877192982454  0.125  0.05263157894736842  
 0  0.5588450292397661  0.5619517543859649  0.12573099415204678  0.0537280701754386  
 0  0.5588450292397661  0.6567982456140351  0.12573099415204678  0.05263157894736842  
 0  0.5588450292397661  0.7494517543859649  0.12280701754385964  0.047149122807017545  
 0  0.24744152046783627  0.5592105263157895  0.12573099415204678  0.05263157894736842  
 0  0.24744152046783627  0.6529605263157895  0.12573099415204678  0.05592105263157895  
 0  0.24744152046783627  0.7478070175438597  0.12573099415204678  0.05482456140350877  
