 0  0.24561403508771928  0.27576754385964913  0.125  0.05592105263157895  
 0  0.24707602339181287  0.37006578947368424  0.125  0.0537280701754386  
 0  0.2459795321637427  0.4649122807017544  0.12426900584795321  0.05263157894736842  
 0  0.24744152046783627  0.5597587719298246  0.12573099415204678  0.0581140350877193  
 0  0.2463450292397661  0.6546052631578947  0.12353801169590643  0.05482456140350877  
 0  0.24671052631578946  0.7472587719298246  0.12719298245614036  0.0537280701754386  
 0  0.560672514619883  0.27521929824561403  0.125  0.05482456140350877  
 0  0.5592105263157895  0.3706140350877193  0.125  0.05701754385964912  
 0  0.5592105263157895  0.4682017543859649  0.125  0.05482456140350877  
 0  0.560672514619883  0.5625  0.12353801169590643  0.05263157894736842  
 0  0.5581140350877193  0.65625  0.12426900584795321  0.0537280701754386  
 0  0.5584795321637427  0.75  0.125  0.05263157894736842  
