 0  0.2459795321637427  0.2735745614035088  0.12426900584795321  0.05592105263157895  
 0  0.2459795321637427  0.37006578947368424  0.12719298245614036  0.05592105263157895  
 0  0.24744152046783627  0.46381578947368424  0.12719298245614036  0.05701754385964912  
 0  0.24707602339181287  0.5592105263157895  0.12938596491228072  0.05921052631578947  
 0  0.5840643274853801  0.37664473684210525  0.12646198830409358  0.0581140350877193  
 0  0.5826023391812866  0.47094298245614036  0.12353801169590643  0.0581140350877193  
 0  0.5807748538011696  0.5652412280701754  0.12573099415204678  0.0537280701754386  
 0  0.5785818713450293  0.6600877192982456  0.12426900584795321  0.06140350877192982  
 0  0.2463450292397661  0.6535087719298246  0.12938596491228072  0.05701754385964912  
 0  0.24744152046783627  0.7456140350877193  0.12426900584795321  0.05482456140350877  
 0  0.5767543859649122  0.7532894736842105  0.12646198830409358  0.05701754385964912  
 0  0.5745614035087719  0.8475877192982456  0.12938596491228072  0.06140350877192982  
