 0  0.2448830409356725  0.2746710526315789  0.12646198830409358  0.0537280701754386  
 0  0.2463450292397661  0.36951754385964913  0.12353801169590643  0.05482456140350877  
 0  0.24744152046783627  0.4621710526315789  0.12573099415204678  0.0537280701754386  
 0  0.24780701754385964  0.5592105263157895  0.12646198830409358  0.05701754385964912  
 0  0.24744152046783627  0.6529605263157895  0.12719298245614036  0.0581140350877193  
 0  0.24671052631578946  0.7467105263157895  0.12719298245614036  0.05482456140350877  
 0  0.5844298245614035  0.37609649122807015  0.12573099415204678  0.05921052631578947  
 0  0.58296783625731  0.47039473684210525  0.12426900584795321  0.05701754385964912  
 0  0.5807748538011696  0.5641447368421053  0.12573099415204678  0.0581140350877193  
 0  0.5785818713450293  0.6600877192982456  0.12426900584795321  0.05482456140350877  
 0  0.5778508771929824  0.7538377192982456  0.12426900584795321  0.05592105263157895  
 0  0.5760233918128655  0.8470394736842105  0.125  0.05592105263157895  
