 0  0.24561403508771928  0.2741228070175439  0.12792397660818713  0.05263157894736842  
 0  0.2463450292397661  0.36951754385964913  0.12646198830409358  0.05482456140350877  
 0  0.24707602339181287  0.46381578947368424  0.12646198830409358  0.05263157894736842  
 0  0.24744152046783627  0.5592105263157895  0.12719298245614036  0.05701754385964912  
 0  0.24780701754385964  0.6524122807017544  0.125  0.05701754385964912  
 0  0.24780701754385964  0.7450657894736842  0.12646198830409358  0.05592105263157895  
 0  0.5391081871345029  0.15515350877192982  0.12719298245614036  0.05592105263157895  
 0  0.5398391812865497  0.25  0.12573099415204678  0.05482456140350877  
 0  0.5391081871345029  0.34539473684210525  0.12573099415204678  0.05482456140350877  
 0  0.5402046783625731  0.4418859649122807  0.12646198830409358  0.05263157894736842  
 0  0.5398391812865497  0.5361842105263158  0.12573099415204678  0.05263157894736842  
 0  0.5405701754385965  0.6321271929824561  0.12573099415204678  0.0537280701754386  
