 0  0.24561403508771928  0.2730263157894737  0.12792397660818713  0.05482456140350877  
 0  0.24671052631578946  0.3684210526315789  0.1286549707602339  0.05482456140350877  
 0  0.2463450292397661  0.46381578947368424  0.12938596491228072  0.05701754385964912  
 0  0.2459795321637427  0.5581140350877193  0.12426900584795321  0.05701754385964912  
 0  0.24671052631578946  0.6524122807017544  0.12719298245614036  0.05482456140350877  
 0  0.24671052631578946  0.7472587719298246  0.12573099415204678  0.05592105263157895  
 0  0.5398391812865497  0.15350877192982457  0.12719298245614036  0.06140350877192982  
 0  0.5394736842105263  0.25  0.12792397660818713  0.05701754385964912  
 0  0.5405701754385965  0.34594298245614036  0.12573099415204678  0.05592105263157895  
 0  0.5391081871345029  0.4418859649122807  0.12719298245614036  0.05482456140350877  
 0  0.5398391812865497  0.5361842105263158  0.12719298245614036  0.05701754385964912  
 0  0.5383771929824561  0.6293859649122807  0.1286549707602339  0.05482456140350877  
