 0  0.21125730994152048  0.09265350877192982  0.13084795321637427  0.0581140350877193  
 0  0.2097953216374269  0.18859649122807018  0.12938596491228072  0.06140350877192982  
 0  0.21125730994152048  0.28234649122807015  0.12646198830409358  0.0581140350877193  
 0  0.21125730994152048  0.3782894736842105  0.12938596491228072  0.06140350877192982  
 0  0.21089181286549707  0.4731359649122807  0.12719298245614036  0.0581140350877193  
 0  0.2097953216374269  0.5685307017543859  0.12646198830409358  0.0581140350877193  
 0  0.6304824561403509  0.3919956140350877  0.12573099415204678  0.0581140350877193  
 0  0.6297514619883041  0.4868421052631579  0.12426900584795321  0.05701754385964912  
 0  0.6279239766081871  0.581140350877193  0.125  0.05701754385964912  
 0  0.6257309941520468  0.674890350877193  0.12646198830409358  0.0581140350877193  
 0  0.6246345029239766  0.7697368421052632  0.12280701754385964  0.05263157894736842  
 0  0.623172514619883  0.8618421052631579  0.12426900584795321  0.05482456140350877  
