 0  0.21052631578947367  0.09155701754385964  0.12646198830409358  0.05592105263157895  
 0  0.21089181286549707  0.18804824561403508  0.1301169590643275  0.0581140350877193  
 0  0.21125730994152048  0.2845394736842105  0.12646198830409358  0.05592105263157895  
 0  0.2101608187134503  0.3788377192982456  0.12573099415204678  0.0537280701754386  
 0  0.2097953216374269  0.4758771929824561  0.12646198830409358  0.05701754385964912  
 0  0.2097953216374269  0.5668859649122807  0.125  0.05701754385964912  
 0  0.6301169590643275  0.39089912280701755  0.125  0.06030701754385965  
 0  0.6297514619883041  0.4857456140350877  0.12426900584795321  0.05701754385964912  
 0  0.6271929824561403  0.5816885964912281  0.12353801169590643  0.0537280701754386  
 0  0.6253654970760234  0.6765350877192983  0.12280701754385964  0.05482456140350877  
 0  0.6235380116959064  0.7691885964912281  0.1206140350877193  0.0537280701754386  
 0  0.623172514619883  0.862390350877193  0.12280701754385964  0.051535087719298246  
