 0  0.12792397660818713  0.3980263157894737  0.125  0.05043859649122807  
 0  0.1301169590643275  0.4906798245614035  0.125  0.051535087719298246  
 0  0.13084795321637427  0.5860745614035088  0.12792397660818713  0.049342105263157895  
 0  0.13267543859649122  0.6798245614035088  0.12280701754385964  0.04824561403508772  
 0  0.13304093567251463  0.7741228070175439  0.12353801169590643  0.04824561403508772  
 0  0.1341374269005848  0.8673245614035088  0.12719298245614036  0.05263157894736842  
 0  0.6366959064327485  0.10526315789473684  0.12353801169590643  0.05482456140350877  
 0  0.6370614035087719  0.2012061403508772  0.12280701754385964  0.051535087719298246  
 0  0.6370614035087719  0.29605263157894735  0.12280701754385964  0.05043859649122807  
 0  0.6363304093567251  0.3930921052631579  0.12280701754385964  0.0537280701754386  
 0  0.6363304093567251  0.48793859649122806  0.12280701754385964  0.05263157894736842  
 0  0.6363304093567251  0.5838815789473685  0.12280701754385964  0.049342105263157895  
