 0  0.12792397660818713  0.3963815789473684  0.12792397660818713  0.051535087719298246  
 0  0.1301169590643275  0.4923245614035088  0.12646198830409358  0.05043859649122807  
 0  0.13084795321637427  0.5855263157894737  0.125  0.05263157894736842  
 0  0.13230994152046785  0.6787280701754386  0.12207602339181287  0.05043859649122807  
 0  0.133406432748538  0.7735745614035088  0.12280701754385964  0.049342105263157895  
 0  0.1341374269005848  0.8667763157894737  0.12426900584795321  0.049342105263157895  
 0  0.6374269005847953  0.10526315789473684  0.12353801169590643  0.05263157894736842  
 0  0.6370614035087719  0.2012061403508772  0.12280701754385964  0.05592105263157895  
 0  0.6374269005847953  0.2982456140350877  0.12353801169590643  0.05263157894736842  
 0  0.6366959064327485  0.3930921052631579  0.12353801169590643  0.051535087719298246  
 0  0.6352339181286549  0.48903508771929827  0.12207602339181287  0.05043859649122807  
 0  0.6363304093567251  0.5827850877192983  0.12134502923976608  0.051535087719298246  
