 0  0.12792397660818713  0.39747807017543857  0.12646198830409358  0.0537280701754386  
 0  0.12938596491228072  0.4906798245614035  0.125  0.049342105263157895  
 0  0.13194444444444445  0.5838815789473685  0.12426900584795321  0.051535087719298246  
 0  0.13194444444444445  0.6803728070175439  0.12573099415204678  0.047149122807017545  
 0  0.13267543859649122  0.7724780701754386  0.12573099415204678  0.051535087719298246  
 0  0.13450292397660818  0.8656798245614035  0.12646198830409358  0.051535087719298246  
 0  0.8073830409356725  0.39528508771929827  0.11988304093567251  0.051535087719298246  
 0  0.8077485380116959  0.4901315789473684  0.1206140350877193  0.05043859649122807  
 0  0.8062865497076024  0.5838815789473685  0.11915204678362573  0.051535087719298246  
 0  0.805921052631579  0.6781798245614035  0.11988304093567251  0.049342105263157895  
 0  0.8048245614035088  0.7708333333333334  0.11915204678362573  0.05043859649122807  
 0  0.8051900584795322  0.8629385964912281  0.11988304093567251  0.05043859649122807  
