 0  0.12792397660818713  0.3963815789473684  0.125  0.051535087719298246  
 0  0.1290204678362573  0.4895833333333333  0.12426900584795321  0.049342105263157895  
 0  0.13084795321637427  0.5860745614035088  0.125  0.051535087719298246  
 0  0.13267543859649122  0.6803728070175439  0.12426900584795321  0.051535087719298246  
 0  0.13304093567251463  0.7730263157894737  0.12353801169590643  0.05043859649122807  
 0  0.13304093567251463  0.8651315789473685  0.125  0.05263157894736842  
 0  0.8077485380116959  0.39528508771929827  0.1206140350877193  0.0537280701754386  
 0  0.8077485380116959  0.4906798245614035  0.12207602339181287  0.0537280701754386  
 0  0.8062865497076024  0.5827850877192983  0.12207602339181287  0.049342105263157895  
 0  0.8051900584795322  0.6781798245614035  0.12134502923976608  0.047149122807017545  
 0  0.8048245614035088  0.7713815789473685  0.1206140350877193  0.051535087719298246  
 0  0.8037280701754386  0.8640350877192983  0.12134502923976608  0.05043859649122807  
