 0  0.2993421052631579  0.39089912280701755  0.12719298245614036  0.0625  
 0  0.2982456140350877  0.48410087719298245  0.12792397660818713  0.05592105263157895  
 0  0.2982456140350877  0.5789473684210527  0.12353801169590643  0.05482456140350877  
 0  0.29751461988304095  0.6737938596491229  0.125  0.05592105263157895  
 0  0.29605263157894735  0.7669956140350878  0.12353801169590643  0.05592105263157895  
 0  0.2949561403508772  0.8596491228070176  0.12134502923976608  0.05482456140350877  
 0  0.8070175438596491  0.39364035087719296  0.1206140350877193  0.05043859649122807  
 0  0.8073830409356725  0.48739035087719296  0.12134502923976608  0.051535087719298246  
 0  0.8062865497076024  0.5838815789473685  0.12207602339181287  0.049342105263157895  
 0  0.805921052631579  0.6770833333333334  0.12134502923976608  0.047149122807017545  
 0  0.8044590643274854  0.7702850877192983  0.12134502923976608  0.049342105263157895  
 0  0.8048245614035088  0.8629385964912281  0.11915204678362573  0.05043859649122807  
