 0  0.2993421052631579  0.39089912280701755  0.12573099415204678  0.0581140350877193  
 0  0.2982456140350877  0.48464912280701755  0.12792397660818713  0.05482456140350877  
 0  0.2978801169590643  0.5773026315789473  0.12573099415204678  0.0581140350877193  
 0  0.29641812865497075  0.6726973684210527  0.12280701754385964  0.05592105263157895  
 0  0.2953216374269006  0.7669956140350878  0.12353801169590643  0.0537280701754386  
 0  0.2953216374269006  0.8591008771929824  0.12207602339181287  0.0537280701754386  
 0  0.8077485380116959  0.39364035087719296  0.1206140350877193  0.05043859649122807  
 0  0.8073830409356725  0.4895833333333333  0.12134502923976608  0.051535087719298246  
 0  0.8062865497076024  0.5844298245614035  0.1206140350877193  0.05043859649122807  
 0  0.805921052631579  0.6770833333333334  0.12134502923976608  0.051535087719298246  
 0  0.8055555555555556  0.768640350877193  0.1206140350877193  0.05043859649122807  
 0  0.805921052631579  0.8634868421052632  0.12134502923976608  0.049342105263157895  
