 0  0.30007309941520466  0.38980263157894735  0.12573099415204678  0.0581140350877193  
 0  0.2989766081871345  0.48355263157894735  0.12792397660818713  0.05921052631578947  
 0  0.2982456140350877  0.5773026315789473  0.12646198830409358  0.0581140350877193  
 0  0.29641812865497075  0.6726973684210527  0.1286549707602339  0.0581140350877193  
 0  0.29714912280701755  0.7653508771929824  0.12426900584795321  0.05701754385964912  
 0  0.295687134502924  0.8585526315789473  0.12573099415204678  0.05701754385964912  
 0  0.5953947368421053  0.4506578947368421  0.12573099415204678  0.05482456140350877  
 0  0.5957602339181286  0.5455043859649122  0.125  0.051535087719298246  
 0  0.5953947368421053  0.6398026315789473  0.12573099415204678  0.049342105263157895  
 0  0.5950292397660819  0.7341008771929824  0.12353801169590643  0.051535087719298246  
 0  0.5946637426900585  0.8267543859649122  0.12426900584795321  0.05043859649122807  
 0  0.5957602339181286  0.9199561403508771  0.12207602339181287  0.046052631578947366  
