 0  0.2997076023391813  0.38980263157894735  0.12646198830409358  0.05592105263157895  
 0  0.2982456140350877  0.48410087719298245  0.12353801169590643  0.05592105263157895  
 0  0.2986111111111111  0.5767543859649122  0.12573099415204678  0.05701754385964912  
 0  0.29751461988304095  0.6716008771929824  0.125  0.05592105263157895  
 0  0.29641812865497075  0.7658991228070176  0.12426900584795321  0.05592105263157895  
 0  0.2953216374269006  0.8574561403508771  0.125  0.05482456140350877  
 0  0.596125730994152  0.4517543859649123  0.12573099415204678  0.05263157894736842  
 0  0.5953947368421053  0.5455043859649122  0.12426900584795321  0.0537280701754386  
 0  0.596125730994152  0.6381578947368421  0.12719298245614036  0.05263157894736842  
 0  0.596125730994152  0.7335526315789473  0.12719298245614036  0.05043859649122807  
 0  0.5953947368421053  0.8256578947368421  0.12426900584795321  0.05263157894736842  
 0  0.5950292397660819  0.9183114035087719  0.12646198830409358  0.051535087719298246  
