 0  0.3161549707602339  0.31524122807017546  0.1286549707602339  0.0581140350877193  
 0  0.3168859649122807  0.4095394736842105  0.12573099415204678  0.0537280701754386  
 0  0.3157894736842105  0.5060307017543859  0.125  0.0537280701754386  
 0  0.3157894736842105  0.5997807017543859  0.12353801169590643  0.05701754385964912  
 0  0.3165204678362573  0.6929824561403509  0.12792397660818713  0.05482456140350877  
 0  0.3157894736842105  0.7856359649122807  0.12646198830409358  0.05592105263157895  
 0  0.6081871345029239  0.31469298245614036  0.12646198830409358  0.05043859649122807  
 0  0.6103801169590644  0.41118421052631576  0.12646198830409358  0.05482456140350877  
 0  0.6107456140350878  0.506578947368421  0.12573099415204678  0.05263157894736842  
 0  0.6122076023391813  0.6008771929824561  0.12719298245614036  0.05043859649122807  
 0  0.6144005847953217  0.6951754385964912  0.12719298245614036  0.05482456140350877  
 0  0.6140350877192983  0.7883771929824561  0.12646198830409358  0.05263157894736842  
