 0  0.3157894736842105  0.3157894736842105  0.12792397660818713  0.05921052631578947  
 0  0.31542397660818716  0.4095394736842105  0.12573099415204678  0.05592105263157895  
 0  0.3165204678362573  0.5043859649122807  0.12792397660818713  0.05701754385964912  
 0  0.31542397660818716  0.5981359649122807  0.12719298245614036  0.0581140350877193  
 0  0.3161549707602339  0.6918859649122807  0.12573099415204678  0.05701754385964912  
 0  0.3157894736842105  0.7861842105263158  0.125  0.05482456140350877  
 0  0.6085526315789473  0.3168859649122807  0.12719298245614036  0.05482456140350877  
 0  0.610014619883041  0.41173245614035087  0.1286549707602339  0.05592105263157895  
 0  0.6125730994152047  0.506578947368421  0.12646198830409358  0.04824561403508772  
 0  0.6118421052631579  0.600328947368421  0.12646198830409358  0.047149122807017545  
 0  0.6140350877192983  0.6946271929824561  0.12646198830409358  0.0581140350877193  
 0  0.6140350877192983  0.7911184210526315  0.12792397660818713  0.05592105263157895  
