 0  0.21820175438596492  0.25274122807017546  0.12573099415204678  0.05592105263157895  
 0  0.2189327485380117  0.34923245614035087  0.12573099415204678  0.05592105263157895  
 0  0.2185672514619883  0.44243421052631576  0.12938596491228072  0.0581140350877193  
 0  0.22002923976608188  0.5400219298245614  0.12792397660818713  0.0581140350877193  
 0  0.2185672514619883  0.6310307017543859  0.12646198830409358  0.06030701754385965  
 0  0.22149122807017543  0.7269736842105263  0.12792397660818713  0.05701754385964912  
 0  0.514985380116959  0.0981359649122807  0.1286549707602339  0.06030701754385965  
 0  0.5146198830409356  0.19517543859649122  0.125  0.05921052631578947  
 0  0.5138888888888888  0.2911184210526316  0.12646198830409358  0.06030701754385965  
 0  0.5116959064327485  0.38706140350877194  0.125  0.05701754385964912  
 0  0.5113304093567251  0.48135964912280704  0.12280701754385964  0.05701754385964912  
 0  0.5109649122807017  0.5756578947368421  0.12646198830409358  0.05482456140350877  
 0  0.7748538011695907  0.30646929824561403  0.12646198830409358  0.051535087719298246  
 0  0.7774122807017544  0.3996710526315789  0.12573099415204678  0.051535087719298246  
 0  0.7755847953216374  0.4961622807017544  0.12353801169590643  0.0537280701754386  
 0  0.7763157894736842  0.5915570175438597  0.125  0.049342105263157895  
 0  0.7763157894736842  0.6831140350877193  0.12353801169590643  0.05043859649122807  
