 0  0.21820175438596492  0.2538377192982456  0.1286549707602339  0.0581140350877193  
 0  0.21820175438596492  0.34868421052631576  0.12719298245614036  0.05482456140350877  
 0  0.21929824561403508  0.44243421052631576  0.12792397660818713  0.05592105263157895  
 0  0.21966374269005848  0.5389254385964912  0.12719298245614036  0.05592105263157895  
 0  0.21966374269005848  0.6321271929824561  0.12573099415204678  0.05592105263157895  
 0  0.22076023391812866  0.7264254385964912  0.125  0.0581140350877193  
 0  0.5146198830409356  0.09758771929824561  0.12646198830409358  0.05921052631578947  
 0  0.5146198830409356  0.19407894736842105  0.12646198830409358  0.05701754385964912  
 0  0.5127923976608187  0.2916666666666667  0.12573099415204678  0.05482456140350877  
 0  0.5120614035087719  0.38706140350877194  0.12719298245614036  0.05701754385964912  
 0  0.5120614035087719  0.4819078947368421  0.12134502923976608  0.0537280701754386  
 0  0.5105994152046783  0.5773026315789473  0.12426900584795321  0.0537280701754386  
 0  0.7755847953216374  0.3092105263157895  0.125  0.05043859649122807  
 0  0.7777777777777778  0.40021929824561403  0.125  0.05263157894736842  
 0  0.777046783625731  0.49396929824561403  0.12353801169590643  0.0537280701754386  
 0  0.7759502923976608  0.5893640350877193  0.12573099415204678  0.051535087719298246  
 0  0.7759502923976608  0.6831140350877193  0.12426900584795321  0.05263157894736842  
