 0  0.21783625730994152  0.2532894736842105  0.12792397660818713  0.05701754385964912  
 0  0.4952485380116959  0.23848684210526316  0.12573099415204678  0.051535087719298246  
 0  0.2189327485380117  0.34923245614035087  0.12573099415204678  0.051535087719298246  
 0  0.22002923976608188  0.4440789473684211  0.12353801169590643  0.05263157894736842  
 0  0.22002923976608188  0.5400219298245614  0.12353801169590643  0.051535087719298246  
 0  0.22076023391812866  0.6326754385964912  0.125  0.05482456140350877  
 0  0.21966374269005848  0.7269736842105263  0.12280701754385964  0.05263157894736842  
 0  0.4952485380116959  0.3360745614035088  0.12573099415204678  0.0537280701754386  
 0  0.4952485380116959  0.43201754385964913  0.12426900584795321  0.05043859649122807  
 0  0.4963450292397661  0.5274122807017544  0.125  0.05043859649122807  
 0  0.4967105263157895  0.6217105263157895  0.12280701754385964  0.05043859649122807  
 0  0.4967105263157895  0.7165570175438597  0.12426900584795321  0.051535087719298246  
 0  0.7744883040935673  0.3053728070175439  0.12719298245614036  0.051535087719298246  
 0  0.777046783625731  0.3991228070175439  0.125  0.05043859649122807  
 0  0.777046783625731  0.49506578947368424  0.125  0.049342105263157895  
 0  0.7752192982456141  0.5899122807017544  0.12426900584795321  0.05043859649122807  
 0  0.7755847953216374  0.6836622807017544  0.12353801169590643  0.049342105263157895  
