 0  0.2185672514619883  0.2538377192982456  0.12646198830409358  0.05592105263157895  
 0  0.2189327485380117  0.34923245614035087  0.12719298245614036  0.0537280701754386  
 0  0.21929824561403508  0.44243421052631576  0.125  0.0537280701754386  
 0  0.21929824561403508  0.5389254385964912  0.12646198830409358  0.05592105263157895  
 0  0.21929824561403508  0.6326754385964912  0.12646198830409358  0.05482456140350877  
 0  0.22002923976608188  0.7269736842105263  0.125  0.05263157894736842  
 0  0.49451754385964913  0.2412280701754386  0.12426900584795321  0.05263157894736842  
 0  0.49488304093567254  0.3360745614035088  0.125  0.0537280701754386  
 0  0.4952485380116959  0.43146929824561403  0.12573099415204678  0.049342105263157895  
 0  0.4963450292397661  0.5274122807017544  0.12646198830409358  0.05043859649122807  
 0  0.4963450292397661  0.6211622807017544  0.12207602339181287  0.049342105263157895  
 0  0.4967105263157895  0.7160087719298246  0.12719298245614036  0.05263157894736842  
 0  0.7744883040935673  0.30701754385964913  0.12573099415204678  0.04824561403508772  
 0  0.7774122807017544  0.3996710526315789  0.12719298245614036  0.0537280701754386  
 0  0.7774122807017544  0.4956140350877193  0.12426900584795321  0.05043859649122807  
 0  0.7763157894736842  0.5910087719298246  0.12353801169590643  0.04824561403508772  
 0  0.7755847953216374  0.6820175438596491  0.12207602339181287  0.05043859649122807  
