 0  0.21820175438596492  0.2532894736842105  0.12573099415204678  0.05701754385964912  
 0  0.21929824561403508  0.34978070175438597  0.12792397660818713  0.05701754385964912  
 0  0.2189327485380117  0.4440789473684211  0.12719298245614036  0.05701754385964912  
 0  0.22002923976608188  0.5394736842105263  0.12646198830409358  0.05921052631578947  
 0  0.22002923976608188  0.6326754385964912  0.12646198830409358  0.05921052631578947  
 0  0.22002923976608188  0.7269736842105263  0.12792397660818713  0.05701754385964912  
 0  0.49451754385964913  0.2412280701754386  0.1286549707602339  0.05701754385964912  
 0  0.49488304093567254  0.3360745614035088  0.12792397660818713  0.0581140350877193  
 0  0.4959795321637427  0.4309210526315789  0.1286549707602339  0.05263157894736842  
 0  0.4963450292397661  0.5285087719298246  0.12646198830409358  0.05482456140350877  
 0  0.4967105263157895  0.6211622807017544  0.12719298245614036  0.0537280701754386  
 0  0.49707602339181284  0.7154605263157895  0.12646198830409358  0.0537280701754386  
 0  0.7755847953216374  0.30646929824561403  0.12938596491228072  0.0537280701754386  
 0  0.777046783625731  0.40021929824561403  0.12792397660818713  0.05701754385964912  
 0  0.777046783625731  0.4956140350877193  0.12646198830409358  0.05482456140350877  
 0  0.7766812865497076  0.5899122807017544  0.12719298245614036  0.05043859649122807  
 0  0.777046783625731  0.6814692982456141  0.125  0.0537280701754386  
