 0  0.21783625730994152  0.25219298245614036  0.12792397660818713  0.05701754385964912  
 0  0.21820175438596492  0.34868421052631576  0.1286549707602339  0.05701754385964912  
 0  0.22039473684210525  0.4418859649122807  0.12719298245614036  0.05482456140350877  
 0  0.22039473684210525  0.5389254385964912  0.12719298245614036  0.05592105263157895  
 0  0.21929824561403508  0.6321271929824561  0.125  0.05592105263157895  
 0  0.22039473684210525  0.7258771929824561  0.12719298245614036  0.05701754385964912  
 0  0.4952485380116959  0.24067982456140352  0.1286549707602339  0.0537280701754386  
 0  0.49488304093567254  0.3371710526315789  0.125  0.0537280701754386  
 0  0.4963450292397661  0.43146929824561403  0.12646198830409358  0.0537280701754386  
 0  0.4952485380116959  0.5274122807017544  0.12426900584795321  0.05263157894736842  
 0  0.4963450292397661  0.6222587719298246  0.12646198830409358  0.0537280701754386  
 0  0.4967105263157895  0.7143640350877193  0.12573099415204678  0.0537280701754386  
 0  0.7759502923976608  0.05263157894736842  0.1286549707602339  0.05043859649122807  
 0  0.778874269005848  0.14692982456140352  0.12719298245614036  0.05263157894736842  
 0  0.7796052631578947  0.24287280701754385  0.12719298245614036  0.0537280701754386  
 0  0.7807017543859649  0.33881578947368424  0.12646198830409358  0.05263157894736842  
 0  0.7803362573099415  0.4336622807017544  0.12573099415204678  0.05592105263157895  
