 0  0.21747076023391812  0.2543859649122807  0.1286549707602339  0.05701754385964912  
 0  0.21820175438596492  0.34978070175438597  0.12719298245614036  0.05701754385964912  
 0  0.2189327485380117  0.4446271929824561  0.12719298245614036  0.0581140350877193  
 0  0.22002923976608188  0.537828947368421  0.12646198830409358  0.0581140350877193  
 0  0.2189327485380117  0.6332236842105263  0.1286549707602339  0.05592105263157895  
 0  0.22039473684210525  0.7264254385964912  0.12280701754385964  0.05592105263157895  
 0  0.49451754385964913  0.24013157894736842  0.1286549707602339  0.05482456140350877  
 0  0.4956140350877193  0.3355263157894737  0.12792397660818713  0.05701754385964912  
 0  0.4956140350877193  0.43146929824561403  0.12792397660818713  0.051535087719298246  
 0  0.4959795321637427  0.5274122807017544  0.12719298245614036  0.05263157894736842  
 0  0.4959795321637427  0.6206140350877193  0.12573099415204678  0.05263157894736842  
 0  0.4967105263157895  0.7149122807017544  0.1286549707602339  0.05482456140350877  
 0  0.7759502923976608  0.05263157894736842  0.1301169590643275  0.05263157894736842  
 0  0.7796052631578947  0.1474780701754386  0.12573099415204678  0.0537280701754386  
 0  0.7796052631578947  0.24177631578947367  0.1286549707602339  0.051535087719298246  
 0  0.7796052631578947  0.3393640350877193  0.12719298245614036  0.0537280701754386  
 0  0.7810672514619883  0.4342105263157895  0.12719298245614036  0.05263157894736842  
