 0  0.21820175438596492  0.2538377192982456  0.1286549707602339  0.05592105263157895  
 0  0.21929824561403508  0.34868421052631576  0.12938596491228072  0.06140350877192982  
 0  0.2189327485380117  0.44353070175438597  0.12719298245614036  0.05592105263157895  
 0  0.22112573099415206  0.5389254385964912  0.12719298245614036  0.05592105263157895  
 0  0.22002923976608188  0.6326754385964912  0.125  0.05921052631578947  
 0  0.22039473684210525  0.7269736842105263  0.12719298245614036  0.05482456140350877  
 0  0.5021929824561403  0.11732456140350878  0.12792397660818713  0.05921052631578947  
 0  0.5021929824561403  0.21326754385964913  0.12646198830409358  0.05592105263157895  
 0  0.5025584795321637  0.30975877192982454  0.1286549707602339  0.06030701754385965  
 0  0.5010964912280702  0.40515350877192985  0.12719298245614036  0.05592105263157895  
 0  0.5003654970760234  0.5010964912280702  0.12573099415204678  0.05482456140350877  
 0  0.5003654970760234  0.5953947368421053  0.12573099415204678  0.05701754385964912  
 0  0.7722953216374269  0.5652412280701754  0.1286549707602339  0.06030701754385965  
 0  0.7726608187134503  0.6600877192982456  0.12792397660818713  0.05701754385964912  
 0  0.7701023391812866  0.7527412280701754  0.12573099415204678  0.05592105263157895  
 0  0.7682748538011696  0.8453947368421053  0.12646198830409358  0.05482456140350877  
 0  0.7668128654970761  0.9364035087719298  0.12353801169590643  0.05263157894736842  
