 0  0.21820175438596492  0.2532894736842105  0.12719298245614036  0.05701754385964912  
 0  0.2189327485380117  0.34923245614035087  0.12573099415204678  0.05592105263157895  
 0  0.21820175438596492  0.4446271929824561  0.12719298245614036  0.05592105263157895  
 0  0.22076023391812866  0.5394736842105263  0.12646198830409358  0.05701754385964912  
 0  0.22002923976608188  0.6332236842105263  0.125  0.05592105263157895  
 0  0.22002923976608188  0.7269736842105263  0.125  0.05701754385964912  
 0  0.5025584795321637  0.1162280701754386  0.12573099415204678  0.05701754385964912  
 0  0.5021929824561403  0.21217105263157895  0.12353801169590643  0.0581140350877193  
 0  0.5010964912280702  0.3086622807017544  0.12573099415204678  0.05592105263157895  
 0  0.5010964912280702  0.40405701754385964  0.1286549707602339  0.05592105263157895  
 0  0.5010964912280702  0.5010964912280702  0.1286549707602339  0.05701754385964912  
 0  0.4992690058479532  0.5953947368421053  0.125  0.05701754385964912  
 0  0.7715643274853801  0.5674342105263158  0.1286549707602339  0.05592105263157895  
 0  0.7711988304093568  0.6589912280701754  0.125  0.05701754385964912  
 0  0.7701023391812866  0.7510964912280702  0.12719298245614036  0.05701754385964912  
 0  0.7679093567251462  0.8453947368421053  0.12426900584795321  0.05701754385964912  
 0  0.7668128654970761  0.9353070175438597  0.12207602339181287  0.05482456140350877  
