 0  0.1736111111111111  0.28399122807017546  0.12573099415204678  0.05921052631578947  
 0  0.1736111111111111  0.3793859649122807  0.1286549707602339  0.06140350877192982  
 0  0.17288011695906433  0.47368421052631576  0.12719298245614036  0.06140350877192982  
 0  0.17141812865497075  0.5685307017543859  0.1286549707602339  0.06030701754385965  
 0  0.1699561403508772  0.662828947368421  0.12426900584795321  0.06030701754385965  
 0  0.16739766081871346  0.756578947368421  0.12938596491228072  0.06140350877192982  
 0  0.4685672514619883  0.27905701754385964  0.12938596491228072  0.05592105263157895  
 0  0.4678362573099415  0.37609649122807015  0.12646198830409358  0.05701754385964912  
 0  0.4689327485380117  0.4720394736842105  0.1286549707602339  0.0581140350877193  
 0  0.4678362573099415  0.5674342105263158  0.12792397660818713  0.05592105263157895  
 0  0.4678362573099415  0.6622807017543859  0.12646198830409358  0.05482456140350877  
 0  0.46747076023391815  0.7554824561403509  0.12573099415204678  0.05482456140350877  
 0  0.72953216374269  0.5493421052631579  0.13084795321637427  0.05482456140350877  
 0  0.7291666666666666  0.6441885964912281  0.1286549707602339  0.0537280701754386  
 0  0.7324561403508771  0.7362938596491229  0.12792397660818713  0.0537280701754386  
 0  0.7298976608187134  0.8289473684210527  0.13157894736842105  0.05482456140350877  
 0  0.7298976608187134  0.9199561403508771  0.12573099415204678  0.05701754385964912  
