 0  0.17507309941520469  0.28289473684210525  0.12719298245614036  0.06140350877192982  
 0  0.1736111111111111  0.37993421052631576  0.1301169590643275  0.06030701754385965  
 0  0.17251461988304093  0.4731359649122807  0.12792397660818713  0.0625  
 0  0.17178362573099415  0.5685307017543859  0.12792397660818713  0.0625  
 0  0.17105263157894737  0.6655701754385965  0.12792397660818713  0.06359649122807018  
 0  0.16812865497076024  0.7549342105263158  0.12938596491228072  0.06030701754385965  
 0  0.4685672514619883  0.28015350877192985  0.12792397660818713  0.05592105263157895  
 0  0.4689327485380117  0.3755482456140351  0.1286549707602339  0.0581140350877193  
 0  0.4689327485380117  0.47149122807017546  0.1301169590643275  0.05921052631578947  
 0  0.4689327485380117  0.5663377192982456  0.1286549707602339  0.0537280701754386  
 0  0.4682017543859649  0.6611842105263158  0.1286549707602339  0.05701754385964912  
 0  0.46710526315789475  0.7576754385964912  0.12646198830409358  0.05482456140350877  
 0  0.7291666666666666  0.549890350877193  0.1286549707602339  0.051535087719298246  
 0  0.7302631578947368  0.6419956140350878  0.12938596491228072  0.0581140350877193  
 0  0.7291666666666666  0.7351973684210527  0.12719298245614036  0.05592105263157895  
 0  0.7302631578947368  0.8289473684210527  0.12792397660818713  0.05043859649122807  
 0  0.7291666666666666  0.9210526315789473  0.12426900584795321  0.05263157894736842  
