 0  0.17470760233918128  0.28399122807017546  0.12938596491228072  0.05921052631578947  
 0  0.17434210526315788  0.3788377192982456  0.12719298245614036  0.0625  
 0  0.17214912280701755  0.4731359649122807  0.1286549707602339  0.0625  
 0  0.17105263157894737  0.569078947368421  0.12646198830409358  0.06578947368421052  
 0  0.1699561403508772  0.6617324561403509  0.1286549707602339  0.06030701754385965  
 0  0.1684941520467836  0.7554824561403509  0.12719298245614036  0.06359649122807018  
 0  0.4692982456140351  0.2768640350877193  0.12646198830409358  0.06030701754385965  
 0  0.4678362573099415  0.37335526315789475  0.12646198830409358  0.06030701754385965  
 0  0.46637426900584794  0.46875  0.12938596491228072  0.0581140350877193  
 0  0.4649122807017544  0.5646929824561403  0.12646198830409358  0.05482456140350877  
 0  0.46345029239766083  0.6578947368421053  0.12353801169590643  0.05921052631578947  
 0  0.46271929824561403  0.7516447368421053  0.12938596491228072  0.0581140350877193  
 0  0.7412280701754386  0.0849780701754386  0.12792397660818713  0.05592105263157895  
 0  0.7408625730994152  0.18037280701754385  0.12719298245614036  0.06030701754385965  
 0  0.7408625730994152  0.27631578947368424  0.12719298245614036  0.05921052631578947  
 0  0.7375730994152047  0.37390350877192985  0.12792397660818713  0.05701754385964912  
 0  0.7372076023391813  0.46875  0.12719298245614036  0.06030701754385965  
 0  0.7529239766081871  0.6869517543859649  0.125  0.051535087719298246  
 0  0.7525584795321637  0.7785087719298246  0.12719298245614036  0.05043859649122807  
 0  0.7529239766081871  0.8662280701754386  0.12646198830409358  0.05263157894736842  
 0  0.7529239766081871  0.9550438596491229  0.12792397660818713  0.05921052631578947  
