 0  0.17434210526315788  0.28289473684210525  0.1286549707602339  0.06359649122807018  
 0  0.1736111111111111  0.3788377192982456  0.12719298245614036  0.06030701754385965  
 0  0.17214912280701755  0.47423245614035087  0.12719298245614036  0.06030701754385965  
 0  0.1699561403508772  0.5679824561403509  0.12573099415204678  0.06140350877192982  
 0  0.1695906432748538  0.662828947368421  0.12646198830409358  0.06030701754385965  
 0  0.16739766081871346  0.756578947368421  0.12938596491228072  0.06359649122807018  
 0  0.4692982456140351  0.27631578947368424  0.12646198830409358  0.05921052631578947  
 0  0.46710526315789475  0.3744517543859649  0.12646198830409358  0.0581140350877193  
 0  0.46673976608187134  0.4692982456140351  0.1286549707602339  0.05921052631578947  
 0  0.4649122807017544  0.5630482456140351  0.12646198830409358  0.0537280701754386  
 0  0.4641812865497076  0.6578947368421053  0.12646198830409358  0.05701754385964912  
 0  0.46235380116959063  0.7527412280701754  0.12719298245614036  0.05592105263157895  
 0  0.7412280701754386  0.08662280701754387  0.12646198830409358  0.05701754385964912  
 0  0.741593567251462  0.18092105263157895  0.12719298245614036  0.06359649122807018  
 0  0.7397660818713451  0.27631578947368424  0.12353801169590643  0.05921052631578947  
 0  0.7386695906432749  0.3717105263157895  0.12573099415204678  0.05701754385964912  
 0  0.7357456140350878  0.46710526315789475  0.12426900584795321  0.05701754385964912  
 0  0.7529239766081871  0.6880482456140351  0.12792397660818713  0.0537280701754386  
 0  0.7540204678362573  0.7779605263157895  0.1301169590643275  0.0537280701754386  
 0  0.7532894736842105  0.8662280701754386  0.12719298245614036  0.04824561403508772  
 0  0.7525584795321637  0.9539473684210527  0.1301169590643275  0.05482456140350877  
