 0  0.14144736842105263  0.32894736842105265  0.1301169590643275  0.05263157894736842  
 0  0.14364035087719298  0.4232456140350877  0.1286549707602339  0.05482456140350877  
 0  0.14692982456140352  0.5175438596491229  0.12792397660818713  0.05043859649122807  
 0  0.14692982456140352  0.6140350877192983  0.12792397660818713  0.05482456140350877  
 0  0.14875730994152048  0.7066885964912281  0.1286549707602339  0.05592105263157895  
 0  0.15058479532163743  0.8004385964912281  0.12792397660818713  0.05482456140350877  
 0  0.4064327485380117  0.12828947368421054  0.13523391812865498  0.05482456140350877  
 0  0.40752923976608185  0.22423245614035087  0.13157894736842105  0.0581140350877193  
 0  0.40899122807017546  0.3190789473684211  0.13157894736842105  0.05263157894736842  
 0  0.4100877192982456  0.41118421052631576  0.12792397660818713  0.05701754385964912  
 0  0.41154970760233917  0.506578947368421  0.13084795321637427  0.05701754385964912  
 0  0.41154970760233917  0.6014254385964912  0.12792397660818713  0.0581140350877193  
 0  0.6867690058479532  0.07839912280701754  0.12719298245614036  0.05592105263157895  
 0  0.6878654970760234  0.17543859649122806  0.12792397660818713  0.05701754385964912  
 0  0.6904239766081871  0.27028508771929827  0.13157894736842105  0.0581140350877193  
 0  0.706140350877193  0.4128289473684211  0.12792397660818713  0.06030701754385965  
 0  0.7046783625730995  0.5049342105263158  0.12646198830409358  0.0581140350877193  
 0  0.7046783625730995  0.5992324561403509  0.12353801169590643  0.0581140350877193  
 0  0.702485380116959  0.6951754385964912  0.12646198830409358  0.05701754385964912  
 0  0.7002923976608187  0.7867324561403509  0.125  0.05592105263157895  
