 0  0.14144736842105263  0.32894736842105265  0.1301169590643275  0.05482456140350877  
 0  0.1440058479532164  0.4232456140350877  0.13084795321637427  0.05921052631578947  
 0  0.14583333333333334  0.518640350877193  0.1286549707602339  0.05701754385964912  
 0  0.1472953216374269  0.6129385964912281  0.1286549707602339  0.05263157894736842  
 0  0.1472953216374269  0.7055921052631579  0.12719298245614036  0.05592105263157895  
 0  0.14985380116959066  0.8015350877192983  0.12792397660818713  0.05263157894736842  
 0  0.4057017543859649  0.13048245614035087  0.13084795321637427  0.05263157894736842  
 0  0.40826023391812866  0.22587719298245615  0.1286549707602339  0.05263157894736842  
 0  0.4093567251461988  0.31743421052631576  0.13084795321637427  0.0537280701754386  
 0  0.410453216374269  0.4095394736842105  0.12573099415204678  0.05592105263157895  
 0  0.41154970760233917  0.5060307017543859  0.12938596491228072  0.05592105263157895  
 0  0.4130116959064328  0.5986842105263158  0.12646198830409358  0.05701754385964912  
 0  0.6871345029239766  0.07785087719298246  0.12792397660818713  0.05482456140350877  
 0  0.6878654970760234  0.17489035087719298  0.12792397660818713  0.05592105263157895  
 0  0.6882309941520468  0.27028508771929827  0.1286549707602339  0.0581140350877193  
 0  0.7068713450292398  0.4100877192982456  0.12792397660818713  0.06140350877192982  
 0  0.7054093567251462  0.5060307017543859  0.12792397660818713  0.0581140350877193  
 0  0.7050438596491229  0.600328947368421  0.12573099415204678  0.06030701754385965  
 0  0.702485380116959  0.694078947368421  0.125  0.05482456140350877  
 0  0.7010233918128655  0.7872807017543859  0.12646198830409358  0.05482456140350877  
