 0  0.14144736842105263  0.32785087719298245  0.13157894736842105  0.05263157894736842  
 0  0.14437134502923976  0.4237938596491228  0.1301169590643275  0.0537280701754386  
 0  0.14619883040935672  0.518640350877193  0.12938596491228072  0.05482456140350877  
 0  0.14656432748538012  0.6134868421052632  0.1286549707602339  0.0581140350877193  
 0  0.14912280701754385  0.7066885964912281  0.12938596491228072  0.0537280701754386  
 0  0.15021929824561403  0.8004385964912281  0.1286549707602339  0.05482456140350877  
 0  0.4060672514619883  0.1288377192982456  0.13157894736842105  0.05592105263157895  
 0  0.4064327485380117  0.22423245614035087  0.13230994152046785  0.0537280701754386  
 0  0.40899122807017546  0.3157894736842105  0.1301169590643275  0.05482456140350877  
 0  0.4093567251461988  0.4100877192982456  0.12792397660818713  0.05921052631578947  
 0  0.41154970760233917  0.5071271929824561  0.12792397660818713  0.05592105263157895  
 0  0.41228070175438597  0.6014254385964912  0.12792397660818713  0.05592105263157895  
 0  0.6871345029239766  0.07839912280701754  0.12646198830409358  0.0537280701754386  
 0  0.6885964912280702  0.17489035087719298  0.12792397660818713  0.06030701754385965  
 0  0.6885964912280702  0.26918859649122806  0.12792397660818713  0.0581140350877193  
 0  0.7057748538011696  0.41173245614035087  0.1301169590643275  0.0668859649122807  
 0  0.706140350877193  0.5071271929824561  0.12938596491228072  0.06030701754385965  
 0  0.7039473684210527  0.5997807017543859  0.12792397660818713  0.05701754385964912  
 0  0.7028508771929824  0.6946271929824561  0.12719298245614036  0.0581140350877193  
 0  0.7006578947368421  0.7872807017543859  0.1286549707602339  0.05921052631578947  
