 0  0.14144736842105263  0.3294956140350877  0.1286549707602339  0.06030701754385965  
 0  0.14364035087719298  0.4237938596491228  0.1301169590643275  0.05592105263157895  
 0  0.14619883040935672  0.5169956140350878  0.12646198830409358  0.05592105263157895  
 0  0.14802631578947367  0.6129385964912281  0.12719298245614036  0.05482456140350877  
 0  0.14948830409356725  0.706140350877193  0.1286549707602339  0.05701754385964912  
 0  0.1509502923976608  0.799890350877193  0.1286549707602339  0.05592105263157895  
 0  0.4057017543859649  0.1299342105263158  0.13084795321637427  0.0581140350877193  
 0  0.40752923976608185  0.22532894736842105  0.13157894736842105  0.0581140350877193  
 0  0.40899122807017546  0.31853070175438597  0.13157894736842105  0.0581140350877193  
 0  0.4108187134502924  0.4100877192982456  0.13084795321637427  0.06140350877192982  
 0  0.41118421052631576  0.5071271929824561  0.1286549707602339  0.0581140350877193  
 0  0.4133771929824561  0.6014254385964912  0.1301169590643275  0.0581140350877193  
 0  0.6864035087719298  0.052083333333333336  0.12938596491228072  0.0581140350877193  
 0  0.6885964912280702  0.14638157894736842  0.13084795321637427  0.05592105263157895  
 0  0.6918859649122807  0.24451754385964913  0.1301169590643275  0.05921052631578947  
 0  0.6926169590643275  0.3399122807017544  0.12573099415204678  0.05701754385964912  
 0  0.6948099415204678  0.4336622807017544  0.12426900584795321  0.0581140350877193  
 0  0.6962719298245614  0.5290570175438597  0.1301169590643275  0.0581140350877193  
 0  0.6980994152046783  0.643640350877193  0.13084795321637427  0.05921052631578947  
 0  0.6988304093567251  0.737390350877193  0.12792397660818713  0.0537280701754386  
 0  0.6973684210526315  0.8294956140350878  0.12792397660818713  0.0537280701754386  
 0  0.6973684210526315  0.9226973684210527  0.125  0.0581140350877193  
