 0  0.14144736842105263  0.32839912280701755  0.13157894736842105  0.0581140350877193  
 0  0.14437134502923976  0.4237938596491228  0.1286549707602339  0.05592105263157895  
 0  0.14656432748538012  0.518640350877193  0.1301169590643275  0.05701754385964912  
 0  0.14619883040935672  0.6134868421052632  0.13084795321637427  0.05592105263157895  
 0  0.14875730994152048  0.7055921052631579  0.1301169590643275  0.05592105263157895  
 0  0.14948830409356725  0.8004385964912281  0.1301169590643275  0.05701754385964912  
 0  0.40460526315789475  0.13048245614035087  0.13450292397660818  0.05921052631578947  
 0  0.40789473684210525  0.22532894736842105  0.13084795321637427  0.05592105263157895  
 0  0.40752923976608185  0.31743421052631576  0.1301169590643275  0.0537280701754386  
 0  0.4097222222222222  0.4095394736842105  0.12719298245614036  0.05592105263157895  
 0  0.41154970760233917  0.5060307017543859  0.12646198830409358  0.0581140350877193  
 0  0.41191520467836257  0.5992324561403509  0.1301169590643275  0.05592105263157895  
 0  0.6875  0.051535087719298246  0.1286549707602339  0.05701754385964912  
 0  0.6885964912280702  0.14857456140350878  0.12938596491228072  0.05592105263157895  
 0  0.6918859649122807  0.24287280701754385  0.1301169590643275  0.0581140350877193  
 0  0.6922514619883041  0.33826754385964913  0.12646198830409358  0.0537280701754386  
 0  0.6955409356725146  0.43475877192982454  0.1301169590643275  0.0581140350877193  
 0  0.695906432748538  0.5290570175438597  0.12938596491228072  0.0581140350877193  
 0  0.6973684210526315  0.643640350877193  0.12938596491228072  0.06359649122807018  
 0  0.6980994152046783  0.737390350877193  0.12792397660818713  0.0581140350877193  
 0  0.6988304093567251  0.8294956140350878  0.12646198830409358  0.0581140350877193  
 0  0.6991959064327485  0.9226973684210527  0.12573099415204678  0.05592105263157895  
