 0  0.11695906432748537  0.17269736842105263  0.13084795321637427  0.05592105263157895  
 0  0.12171052631578948  0.26864035087719296  0.13157894736842105  0.05482456140350877  
 0  0.12609649122807018  0.3645833333333333  0.13157894736842105  0.05592105263157895  
 0  0.12828947368421054  0.45997807017543857  0.1301169590643275  0.05592105263157895  
 0  0.13267543859649122  0.5531798245614035  0.13304093567251463  0.05592105263157895  
 0  0.1341374269005848  0.6485745614035088  0.13157894736842105  0.06030701754385965  
 0  0.4064327485380117  0.5274122807017544  0.13230994152046785  0.05921052631578947  
 0  0.4067982456140351  0.6217105263157895  0.13157894736842105  0.05921052631578947  
 0  0.40752923976608185  0.7105263157894737  0.1301169590643275  0.05921052631578947  
 0  0.40899122807017546  0.8015350877192983  0.1286549707602339  0.05921052631578947  
 0  0.4108187134502924  0.8963815789473685  0.12792397660818713  0.06030701754385965  
 0  0.4123720760233918  0.9806743421052632  0.13249269005847952  0.0381030701754386  
 0  0.6834795321637427  0.04550438596491228  0.13084795321637427  0.0581140350877193  
 0  0.6849415204678363  0.13980263157894737  0.13084795321637427  0.06030701754385965  
 0  0.6864035087719298  0.2362938596491228  0.12938596491228072  0.06030701754385965  
 0  0.6889619883040936  0.3305921052631579  0.12719298245614036  0.0581140350877193  
 0  0.6900584795321637  0.42653508771929827  0.13084795321637427  0.05482456140350877  
 0  0.6907894736842105  0.524671052631579  0.13230994152046785  0.06030701754385965  
 0  0.6615497076023392  0.6452850877192983  0.12938596491228072  0.05592105263157895  
 0  0.6633771929824561  0.7357456140350878  0.1286549707602339  0.05921052631578947  
 0  0.6641081871345029  0.8289473684210527  0.12719298245614036  0.05701754385964912  
 0  0.6644736842105263  0.9221491228070176  0.12646198830409358  0.05921052631578947  
