 0  0.11842105263157894  0.17160087719298245  0.13230994152046785  0.05592105263157895  
 0  0.12280701754385964  0.26864035087719296  0.13084795321637427  0.05701754385964912  
 0  0.12353801169590643  0.3656798245614035  0.13084795321637427  0.0581140350877193  
 0  0.12792397660818713  0.4583333333333333  0.13084795321637427  0.06140350877192982  
 0  0.13194444444444445  0.5531798245614035  0.12719298245614036  0.0581140350877193  
 0  0.13486842105263158  0.6463815789473685  0.1301169590643275  0.06030701754385965  
 0  0.4053362573099415  0.5257675438596491  0.13304093567251463  0.06469298245614036  
 0  0.40789473684210525  0.6217105263157895  0.12938596491228072  0.05921052631578947  
 0  0.40826023391812866  0.7105263157894737  0.1286549707602339  0.05482456140350877  
 0  0.4097222222222222  0.799890350877193  0.1301169590643275  0.0625  
 0  0.41154970760233917  0.8958333333333334  0.12792397660818713  0.06140350877192982  
 0  0.4110014619883041  0.9806743421052632  0.12828947368421054  0.0381030701754386  
 0  0.6838450292397661  0.04331140350877193  0.12719298245614036  0.0581140350877193  
 0  0.6849415204678363  0.14035087719298245  0.12938596491228072  0.05921052631578947  
 0  0.6864035087719298  0.23684210526315788  0.12792397660818713  0.05701754385964912  
 0  0.6889619883040936  0.3333333333333333  0.12573099415204678  0.06140350877192982  
 0  0.6896929824561403  0.4281798245614035  0.1301169590643275  0.06030701754385965  
 0  0.6915204678362573  0.5241228070175439  0.12792397660818713  0.06359649122807018  
 0  0.6608187134502924  0.6447368421052632  0.12792397660818713  0.05701754385964912  
 0  0.6641081871345029  0.7357456140350878  0.1286549707602339  0.05921052631578947  
 0  0.6641081871345029  0.8305921052631579  0.12719298245614036  0.0537280701754386  
 0  0.6652046783625731  0.9243421052631579  0.12792397660818713  0.05482456140350877  
