 0  0.08735380116959064  0.4369517543859649  0.1286549707602339  0.06469298245614036  
 0  0.08808479532163743  0.5323464912280702  0.1286549707602339  0.06030701754385965  
 0  0.08735380116959064  0.6260964912280702  0.12719298245614036  0.05921052631578947  
 0  0.08698830409356725  0.7203947368421053  0.12646198830409358  0.05701754385964912  
 0  0.08771929824561403  0.8119517543859649  0.125  0.05592105263157895  
 0  0.08625730994152046  0.9046052631578947  0.125  0.05921052631578947  
 0  0.36951754385964913  0.17543859649122806  0.13304093567251463  0.06359649122807018  
 0  0.3676900584795322  0.2708333333333333  0.13084795321637427  0.06140350877192982  
 0  0.3673245614035088  0.36239035087719296  0.1301169590643275  0.0625  
 0  0.3651315789473684  0.4544956140350877  0.12573099415204678  0.0625  
 0  0.36366959064327486  0.5493421052631579  0.1301169590643275  0.06359649122807018  
 0  0.3614766081871345  0.6458333333333334  0.1286549707602339  0.05921052631578947  
 0  0.6608187134502924  0.029605263157894735  0.13230994152046785  0.05701754385964912  
 0  0.6593567251461988  0.125  0.12792397660818713  0.05701754385964912  
 0  0.6615497076023392  0.22149122807017543  0.12792397660818713  0.05921052631578947  
 0  0.6626461988304093  0.3190789473684211  0.1301169590643275  0.05701754385964912  
 0  0.6630116959064327  0.4139254385964912  0.125  0.0537280701754386  
 0  0.6644736842105263  0.5093201754385965  0.12792397660818713  0.05592105263157895  
 0  0.6542397660818714  0.6387061403508771  0.13084795321637427  0.0537280701754386  
 0  0.6564327485380117  0.7346491228070176  0.12938596491228072  0.05701754385964912  
 0  0.6589912280701754  0.8245614035087719  0.12719298245614036  0.05482456140350877  
 0  0.6593567251461988  0.9199561403508771  0.12646198830409358  0.05482456140350877  
