 0  0.08662280701754387  0.4369517543859649  0.12719298245614036  0.06030701754385965  
 0  0.0891812865497076  0.5307017543859649  0.12792397660818713  0.05921052631578947  
 0  0.08845029239766082  0.6233552631578947  0.12792397660818713  0.0625  
 0  0.08735380116959064  0.7171052631578947  0.12719298245614036  0.05701754385964912  
 0  0.08589181286549707  0.8125  0.12719298245614036  0.06140350877192982  
 0  0.08662280701754387  0.9051535087719298  0.12719298245614036  0.0581140350877193  
 0  0.36988304093567254  0.1737938596491228  0.13084795321637427  0.0625  
 0  0.36915204678362573  0.26973684210526316  0.13084795321637427  0.06359649122807018  
 0  0.36622807017543857  0.36293859649122806  0.12938596491228072  0.06359649122807018  
 0  0.36622807017543857  0.4555921052631579  0.12792397660818713  0.06469298245614036  
 0  0.36293859649122806  0.5504385964912281  0.1301169590643275  0.06359649122807018  
 0  0.36257309941520466  0.643640350877193  0.12938596491228072  0.05921052631578947  
 0  0.660453216374269  0.03070175438596491  0.1286549707602339  0.05921052631578947  
 0  0.6611842105263158  0.12719298245614036  0.12719298245614036  0.06140350877192982  
 0  0.6630116959064327  0.22313596491228072  0.12646198830409358  0.06030701754385965  
 0  0.6622807017543859  0.3201754385964912  0.12646198830409358  0.05701754385964912  
 0  0.6637426900584795  0.4155701754385965  0.12646198830409358  0.06140350877192982  
 0  0.6626461988304093  0.5093201754385965  0.1286549707602339  0.0581140350877193  
 0  0.6553362573099415  0.6403508771929824  0.1286549707602339  0.05043859649122807  
 0  0.6571637426900585  0.7346491228070176  0.12938596491228072  0.05482456140350877  
 0  0.6589912280701754  0.8234649122807017  0.12719298245614036  0.05482456140350877  
 0  0.658625730994152  0.9194078947368421  0.12792397660818713  0.05592105263157895  
