 0  0.09685672514619884  0.30153508771929827  0.1286549707602339  0.06798245614035088  
 0  0.09502923976608187  0.3925438596491228  0.13084795321637427  0.06578947368421052  
 0  0.09320175438596491  0.48739035087719296  0.1286549707602339  0.06469298245614036  
 0  0.09100877192982457  0.5844298245614035  0.1301169590643275  0.06359649122807018  
 0  0.08991228070175439  0.6776315789473685  0.12792397660818713  0.06140350877192982  
 0  0.08845029239766082  0.7702850877192983  0.12646198830409358  0.0625  
 0  0.36878654970760233  0.17489035087719298  0.13157894736842105  0.0625  
 0  0.3684210526315789  0.26973684210526316  0.12938596491228072  0.06140350877192982  
 0  0.36659356725146197  0.36348684210526316  0.1286549707602339  0.0581140350877193  
 0  0.364766081871345  0.45394736842105265  0.13084795321637427  0.06359649122807018  
 0  0.36293859649122806  0.5515350877192983  0.12719298245614036  0.06359649122807018  
 0  0.36330409356725146  0.6452850877192983  0.12792397660818713  0.0581140350877193  
 0  0.660453216374269  0.030153508771929825  0.12573099415204678  0.0537280701754386  
 0  0.6615497076023392  0.125  0.125  0.05701754385964912  
 0  0.6619152046783626  0.22313596491228072  0.12573099415204678  0.0537280701754386  
 0  0.6626461988304093  0.3196271929824561  0.12573099415204678  0.05592105263157895  
 0  0.6633771929824561  0.4144736842105263  0.1286549707602339  0.05701754385964912  
 0  0.6641081871345029  0.5093201754385965  0.1286549707602339  0.05592105263157895  
 0  0.6546052631578947  0.6414473684210527  0.1286549707602339  0.05263157894736842  
 0  0.6567982456140351  0.7341008771929824  0.12719298245614036  0.0537280701754386  
 0  0.6578947368421053  0.8245614035087719  0.125  0.05482456140350877  
 0  0.658625730994152  0.9183114035087719  0.12353801169590643  0.0537280701754386  
