 0  0.09173976608187134  0.37664473684210525  0.1286549707602339  0.06469298245614036  
 0  0.0935672514619883  0.4720394736842105  0.12792397660818713  0.05592105263157895  
 0  0.0935672514619883  0.5652412280701754  0.12792397660818713  0.0581140350877193  
 0  0.09247076023391813  0.6606359649122807  0.12573099415204678  0.0581140350877193  
 0  0.09137426900584796  0.7554824561403509  0.12646198830409358  0.05701754385964912  
 0  0.09210526315789473  0.8453947368421053  0.12938596491228072  0.05921052631578947  
 0  0.36403508771929827  0.5213815789473685  0.12792397660818713  0.06030701754385965  
 0  0.36366959064327486  0.42489035087719296  0.1286549707602339  0.0581140350877193  
 0  0.36366959064327486  0.3300438596491228  0.13304093567251463  0.05701754385964912  
 0  0.36403508771929827  0.23355263157894737  0.12938596491228072  0.05921052631578947  
 0  0.3644005847953216  0.13706140350877194  0.12719298245614036  0.06140350877192982  
 0  0.36366959064327486  0.041666666666666664  0.1286549707602339  0.05921052631578947  
 0  0.35562865497076024  0.6288377192982456  0.12719298245614036  0.051535087719298246  
 0  0.3574561403508772  0.7231359649122807  0.12938596491228072  0.051535087719298246  
 0  0.3611111111111111  0.8152412280701754  0.12792397660818713  0.051535087719298246  
 0  0.364766081871345  0.9084429824561403  0.12792397660818713  0.0537280701754386  
 0  0.6341374269005848  0.28728070175438597  0.1286549707602339  0.05482456140350877  
 0  0.633406432748538  0.38103070175438597  0.12719298245614036  0.0537280701754386  
 0  0.6312134502923976  0.46984649122807015  0.12426900584795321  0.05592105263157895  
 0  0.6293859649122807  0.5592105263157895  0.12646198830409358  0.05921052631578947  
 0  0.6301169590643275  0.6557017543859649  0.12792397660818713  0.05701754385964912  
 0  0.6297514619883041  0.75  0.12573099415204678  0.05701754385964912  
