 0  0.0935672514619883  0.37719298245614036  0.12646198830409358  0.06140350877192982  
 0  0.09320175438596491  0.47094298245614036  0.12719298245614036  0.0625  
 0  0.09283625730994152  0.5657894736842105  0.12792397660818713  0.05921052631578947  
 0  0.09320175438596491  0.6600877192982456  0.12719298245614036  0.05701754385964912  
 0  0.09320175438596491  0.7538377192982456  0.12573099415204678  0.06030701754385965  
 0  0.09210526315789473  0.8470394736842105  0.12646198830409358  0.06030701754385965  
 0  0.3644005847953216  0.04057017543859649  0.1301169590643275  0.06359649122807018  
 0  0.36403508771929827  0.13760964912280702  0.13084795321637427  0.0581140350877193  
 0  0.3644005847953216  0.23300438596491227  0.12719298245614036  0.06030701754385965  
 0  0.36403508771929827  0.3294956140350877  0.12792397660818713  0.0581140350877193  
 0  0.3644005847953216  0.4243421052631579  0.12719298245614036  0.05921052631578947  
 0  0.36366959064327486  0.5208333333333334  0.12719298245614036  0.05921052631578947  
 0  0.35635964912280704  0.6282894736842105  0.12719298245614036  0.05263157894736842  
 0  0.3574561403508772  0.7231359649122807  0.12792397660818713  0.0537280701754386  
 0  0.3607456140350877  0.8179824561403509  0.1301169590643275  0.05482456140350877  
 0  0.36403508771929827  0.9100877192982456  0.12646198830409358  0.05482456140350877  
 0  0.6341374269005848  0.28618421052631576  0.1301169590643275  0.05701754385964912  
 0  0.6326754385964912  0.38048245614035087  0.1286549707602339  0.05482456140350877  
 0  0.6312134502923976  0.46875  0.12719298245614036  0.0581140350877193  
 0  0.6304824561403509  0.5608552631578947  0.12573099415204678  0.0581140350877193  
 0  0.6286549707602339  0.65625  0.12646198830409358  0.0625  
 0  0.6312134502923976  0.75  0.12573099415204678  0.05701754385964912  
