 0  0.09576023391812866  0.1288377192982456  0.13230994152046785  0.0712719298245614  
 0  0.09502923976608187  0.22916666666666666  0.13084795321637427  0.07017543859649122  
 0  0.09210526315789473  0.3201754385964912  0.12792397660818713  0.06359649122807018  
 0  0.0891812865497076  0.41502192982456143  0.12938596491228072  0.06469298245614036  
 0  0.08625730994152046  0.5109649122807017  0.13084795321637427  0.06578947368421052  
 0  0.08333333333333333  0.6058114035087719  0.13084795321637427  0.0668859649122807  
 0  0.36366959064327486  0.04057017543859649  0.1301169590643275  0.06359649122807018  
 0  0.36366959064327486  0.13706140350877194  0.12719298245614036  0.06140350877192982  
 0  0.36366959064327486  0.23574561403508773  0.12719298245614036  0.05701754385964912  
 0  0.36366959064327486  0.33223684210526316  0.12719298245614036  0.05701754385964912  
 0  0.36366959064327486  0.42543859649122806  0.12719298245614036  0.05701754385964912  
 0  0.36293859649122806  0.5219298245614035  0.12719298245614036  0.05701754385964912  
 0  0.35526315789473684  0.6288377192982456  0.12938596491228072  0.0537280701754386  
 0  0.35855263157894735  0.7231359649122807  0.1286549707602339  0.0537280701754386  
 0  0.3603801169590643  0.8157894736842105  0.12646198830409358  0.04824561403508772  
 0  0.6337719298245614  0.5520833333333334  0.125  0.0537280701754386  
 0  0.36366959064327486  0.9100877192982456  0.12719298245614036  0.04824561403508772  
 0  0.6345029239766082  0.4583333333333333  0.125  0.05482456140350877  
 0  0.6345029239766082  0.36239035087719296  0.12646198830409358  0.05592105263157895  
 0  0.6359649122807017  0.27028508771929827  0.12792397660818713  0.0581140350877193  
 0  0.6370614035087719  0.17708333333333334  0.1301169590643275  0.0581140350877193  
 0  0.639985380116959  0.0805921052631579  0.1286549707602339  0.0581140350877193  
