 0  0.09649122807017543  0.1288377192982456  0.12938596491228072  0.0668859649122807  
 0  0.0935672514619883  0.22587719298245615  0.12938596491228072  0.06578947368421052  
 0  0.0935672514619883  0.3218201754385965  0.125  0.0625  
 0  0.09100877192982457  0.4166666666666667  0.12719298245614036  0.06578947368421052  
 0  0.08735380116959064  0.5115131578947368  0.12573099415204678  0.0625  
 0  0.08552631578947369  0.606359649122807  0.12646198830409358  0.06578947368421052  
 0  0.36293859649122806  0.041666666666666664  0.1301169590643275  0.05921052631578947  
 0  0.36403508771929827  0.13760964912280702  0.12792397660818713  0.06030701754385965  
 0  0.36403508771929827  0.23574561403508773  0.12792397660818713  0.05921052631578947  
 0  0.36403508771929827  0.3300438596491228  0.12792397660818713  0.05701754385964912  
 0  0.36330409356725146  0.42653508771929827  0.12646198830409358  0.05921052631578947  
 0  0.36403508771929827  0.5213815789473685  0.13084795321637427  0.0581140350877193  
 0  0.35526315789473684  0.6282894736842105  0.12938596491228072  0.05482456140350877  
 0  0.358187134502924  0.7225877192982456  0.12938596491228072  0.05701754385964912  
 0  0.3611111111111111  0.8163377192982456  0.13084795321637427  0.06030701754385965  
 0  0.36403508771929827  0.9100877192982456  0.12646198830409358  0.05482456140350877  
 0  0.6345029239766082  0.5553728070175439  0.12646198830409358  0.0581140350877193  
 0  0.6352339181286549  0.4594298245614035  0.12792397660818713  0.05921052631578947  
 0  0.6355994152046783  0.36239035087719296  0.12719298245614036  0.06030701754385965  
 0  0.6359649122807017  0.26973684210526316  0.12938596491228072  0.05921052631578947  
 0  0.6377923976608187  0.17708333333333334  0.1286549707602339  0.0625  
 0  0.6392543859649122  0.08114035087719298  0.1301169590643275  0.06140350877192982  
