 0  0.09539473684210527  0.1288377192982456  0.12719298245614036  0.06907894736842106  
 0  0.09429824561403509  0.22423245614035087  0.13084795321637427  0.0625  
 0  0.09210526315789473  0.3207236842105263  0.13084795321637427  0.06469298245614036  
 0  0.089546783625731  0.4144736842105263  0.12719298245614036  0.06578947368421052  
 0  0.08662280701754387  0.5109649122807017  0.12719298245614036  0.06359649122807018  
 0  0.08442982456140351  0.6052631578947368  0.12719298245614036  0.06578947368421052  
 0  0.3644005847953216  0.04111842105263158  0.12719298245614036  0.0581140350877193  
 0  0.36403508771929827  0.13815789473684212  0.13084795321637427  0.05921052631578947  
 0  0.36366959064327486  0.23464912280701755  0.1301169590643275  0.05701754385964912  
 0  0.36366959064327486  0.3305921052631579  0.12719298245614036  0.0581140350877193  
 0  0.36293859649122806  0.42598684210526316  0.12719298245614036  0.0581140350877193  
 0  0.3651315789473684  0.5191885964912281  0.1286549707602339  0.05592105263157895  
 0  0.35635964912280704  0.6299342105263158  0.12719298245614036  0.0537280701754386  
 0  0.3578216374269006  0.7231359649122807  0.12719298245614036  0.051535087719298246  
 0  0.3614766081871345  0.8146929824561403  0.1301169590643275  0.05482456140350877  
 0  0.3651315789473684  0.9084429824561403  0.1301169590643275  0.05592105263157895  
 0  0.6396198830409356  0.08114035087719298  0.12938596491228072  0.06140350877192982  
 0  0.6388888888888888  0.17708333333333334  0.12938596491228072  0.06030701754385965  
 0  0.6370614035087719  0.2735745614035088  0.12573099415204678  0.0581140350877193  
 0  0.6355994152046783  0.3612938596491228  0.12573099415204678  0.0581140350877193  
 0  0.6341374269005848  0.4588815789473684  0.12719298245614036  0.0581140350877193  
 0  0.6345029239766082  0.5537280701754386  0.125  0.05921052631578947  
