 0  0.18311403508771928  0.025767543859649123  0.12719298245614036  0.051535087719298246  
 0  0.18201754385964913  0.1118421052631579  0.12938596491228072  0.06140350877192982  
 0  0.1787280701754386  0.20888157894736842  0.12719298245614036  0.06469298245614036  
 0  0.17653508771929824  0.30372807017543857  0.12573099415204678  0.06578947368421052  
 0  0.17470760233918128  0.39747807017543857  0.125  0.06030701754385965  
 0  0.45614035087719296  0.08771929824561403  0.12792397660818713  0.05921052631578947  
 0  0.4550438596491228  0.18421052631578946  0.12573099415204678  0.05921052631578947  
 0  0.45285087719298245  0.28015350877192985  0.12573099415204678  0.06469298245614036  
 0  0.45248538011695905  0.375  0.12938596491228072  0.05921052631578947  
 0  0.4422514619883041  0.47478070175438597  0.12646198830409358  0.05921052631578947  
 0  0.44042397660818716  0.569078947368421  0.12573099415204678  0.05921052631578947  
 0  0.43969298245614036  0.6639254385964912  0.12426900584795321  0.05592105263157895  
 0  0.43932748538011696  0.7587719298245614  0.125  0.05701754385964912  
 0  0.43859649122807015  0.8514254385964912  0.12646198830409358  0.05592105263157895  
 0  0.7182017543859649  0.5537280701754386  0.12573099415204678  0.05921052631578947  
 0  0.7192982456140351  0.4583333333333333  0.12353801169590643  0.06140350877192982  
 0  0.7218567251461988  0.36293859649122806  0.12573099415204678  0.05921052631578947  
 0  0.7240497076023392  0.26973684210526316  0.1286549707602339  0.05701754385964912  
 0  0.7284356725146199  0.17763157894736842  0.12573099415204678  0.06140350877192982  
 0  0.7317251461988304  0.0805921052631579  0.12646198830409358  0.06469298245614036  
