 0  0.18421052631578946  0.025219298245614034  0.12646198830409358  0.05043859649122807  
 0  0.18019005847953215  0.1112938596491228  0.1301169590643275  0.06030701754385965  
 0  0.1787280701754386  0.20723684210526316  0.12719298245614036  0.05921052631578947  
 0  0.17616959064327486  0.30153508771929827  0.12938596491228072  0.06140350877192982  
 0  0.1739766081871345  0.3985745614035088  0.12792397660818713  0.06030701754385965  
 0  0.45614035087719296  0.08717105263157894  0.12646198830409358  0.0625  
 0  0.4554093567251462  0.18421052631578946  0.12938596491228072  0.05921052631578947  
 0  0.45321637426900585  0.28015350877192985  0.12792397660818713  0.0625  
 0  0.4513888888888889  0.37664473684210525  0.1286549707602339  0.06030701754385965  
 0  0.4422514619883041  0.4758771929824561  0.12792397660818713  0.05701754385964912  
 0  0.4418859649122807  0.5685307017543859  0.1301169590643275  0.06030701754385965  
 0  0.44042397660818716  0.662828947368421  0.12573099415204678  0.0581140350877193  
 0  0.43859649122807015  0.7582236842105263  0.12646198830409358  0.05592105263157895  
 0  0.43896198830409355  0.8514254385964912  0.12573099415204678  0.06030701754385965  
 0  0.7171052631578947  0.5526315789473685  0.125  0.05921052631578947  
 0  0.7203947368421053  0.45778508771929827  0.12573099415204678  0.06030701754385965  
 0  0.7207602339181286  0.36348684210526316  0.12792397660818713  0.0625  
 0  0.7255116959064327  0.2708333333333333  0.1286549707602339  0.06140350877192982  
 0  0.7273391812865497  0.17543859649122806  0.13084795321637427  0.06140350877192982  
 0  0.7309941520467836  0.08114035087719298  0.12938596491228072  0.06359649122807018  
