 0  0.16045321637426901  0.3519736842105263  0.1301169590643275  0.06359649122807018  
 0  0.15826023391812866  0.4457236842105263  0.1286549707602339  0.06030701754385965  
 0  0.15789473684210525  0.5411184210526315  0.125  0.06030701754385965  
 0  0.15460526315789475  0.6348684210526315  0.12573099415204678  0.06140350877192982  
 0  0.15460526315789475  0.7302631578947368  0.12426900584795321  0.05921052631578947  
 0  0.15350877192982457  0.8218201754385965  0.12792397660818713  0.0581140350877193  
 0  0.45614035087719296  0.08826754385964912  0.13084795321637427  0.06469298245614036  
 0  0.4557748538011696  0.1836622807017544  0.12719298245614036  0.0625  
 0  0.45248538011695905  0.27960526315789475  0.12792397660818713  0.05701754385964912  
 0  0.45248538011695905  0.37609649122807015  0.12792397660818713  0.06140350877192982  
 0  0.44298245614035087  0.4753289473684211  0.125  0.05592105263157895  
 0  0.4415204678362573  0.569078947368421  0.12646198830409358  0.05482456140350877  
 0  0.4407894736842105  0.662828947368421  0.125  0.05592105263157895  
 0  0.43932748538011696  0.7582236842105263  0.125  0.05592105263157895  
 0  0.4382309941520468  0.8497807017543859  0.12719298245614036  0.05482456140350877  
 0  0.7222222222222222  0.19682017543859648  0.12938596491228072  0.0581140350877193  
 0  0.7200292397660819  0.2905701754385965  0.12646198830409358  0.05701754385964912  
 0  0.7196637426900585  0.3848684210526316  0.1286549707602339  0.05263157894736842  
 0  0.7171052631578947  0.4753289473684211  0.12646198830409358  0.05592105263157895  
 0  0.7152777777777778  0.5729166666666666  0.12426900584795321  0.0581140350877193  
 0  0.7167397660818714  0.6666666666666666  0.12426900584795321  0.05701754385964912  
