 0  0.1608187134502924  0.3530701754385965  0.12938596491228072  0.06578947368421052  
 0  0.1597222222222222  0.4473684210526316  0.12719298245614036  0.05921052631578947  
 0  0.15789473684210525  0.5394736842105263  0.12646198830409358  0.05921052631578947  
 0  0.1564327485380117  0.6354166666666666  0.125  0.0581140350877193  
 0  0.15460526315789475  0.7291666666666666  0.12573099415204678  0.05921052631578947  
 0  0.15350877192982457  0.8218201754385965  0.125  0.06030701754385965  
 0  0.45723684210526316  0.08771929824561403  0.12573099415204678  0.06140350877192982  
 0  0.45650584795321636  0.18475877192982457  0.1286549707602339  0.06030701754385965  
 0  0.454312865497076  0.2817982456140351  0.12573099415204678  0.05921052631578947  
 0  0.45285087719298245  0.37719298245614036  0.12573099415204678  0.05921052631578947  
 0  0.4422514619883041  0.4753289473684211  0.12646198830409358  0.05592105263157895  
 0  0.4418859649122807  0.5696271929824561  0.12719298245614036  0.05592105263157895  
 0  0.4415204678362573  0.6617324561403509  0.12646198830409358  0.05592105263157895  
 0  0.44005847953216376  0.7571271929824561  0.12646198830409358  0.0537280701754386  
 0  0.43896198830409355  0.8497807017543859  0.12426900584795321  0.05482456140350877  
 0  0.7225877192982456  0.19682017543859648  0.1286549707602339  0.0581140350877193  
 0  0.7203947368421053  0.29276315789473684  0.12573099415204678  0.05263157894736842  
 0  0.7182017543859649  0.38377192982456143  0.12573099415204678  0.05263157894736842  
 0  0.7171052631578947  0.47423245614035087  0.125  0.0537280701754386  
 0  0.716374269005848  0.5712719298245614  0.125  0.05263157894736842  
 0  0.7167397660818714  0.6655701754385965  0.12426900584795321  0.05482456140350877  
