 0  0.1600877192982456  0.3508771929824561  0.12792397660818713  0.06359649122807018  
 0  0.15935672514619884  0.4457236842105263  0.12938596491228072  0.0581140350877193  
 0  0.15752923976608188  0.5389254385964912  0.12426900584795321  0.0581140350877193  
 0  0.1564327485380117  0.6359649122807017  0.12646198830409358  0.05701754385964912  
 0  0.15460526315789475  0.7286184210526315  0.12134502923976608  0.0581140350877193  
 0  0.15204678362573099  0.8223684210526315  0.12353801169590643  0.05921052631578947  
 0  0.45650584795321636  0.08662280701754387  0.12719298245614036  0.05921052631578947  
 0  0.4557748538011696  0.18421052631578946  0.12719298245614036  0.06140350877192982  
 0  0.45358187134502925  0.28125  0.1286549707602339  0.0581140350877193  
 0  0.4510233918128655  0.37664473684210525  0.12646198830409358  0.0581140350877193  
 0  0.4422514619883041  0.4758771929824561  0.12646198830409358  0.05921052631578947  
 0  0.4415204678362573  0.5696271929824561  0.12646198830409358  0.0581140350877193  
 0  0.44042397660818716  0.6633771929824561  0.12573099415204678  0.05701754385964912  
 0  0.43932748538011696  0.7576754385964912  0.12353801169590643  0.05701754385964912  
 0  0.43859649122807015  0.8508771929824561  0.12646198830409358  0.05482456140350877  
