 0  0.1600877192982456  0.3536184210526316  0.12792397660818713  0.0625  
 0  0.15862573099415206  0.4479166666666667  0.12646198830409358  0.06030701754385965  
 0  0.15789473684210525  0.5411184210526315  0.125  0.0625  
 0  0.15533625730994152  0.6359649122807017  0.12573099415204678  0.06359649122807018  
 0  0.15497076023391812  0.7291666666666666  0.125  0.05921052631578947  
 0  0.15350877192982457  0.8201754385964912  0.125  0.05701754385964912  
 0  0.45723684210526316  0.0893640350877193  0.12573099415204678  0.0625  
 0  0.4557748538011696  0.18421052631578946  0.12573099415204678  0.05701754385964912  
 0  0.45394736842105265  0.2807017543859649  0.125  0.05701754385964912  
 0  0.4521198830409357  0.37719298245614036  0.12719298245614036  0.05701754385964912  
 0  0.44371345029239767  0.4758771929824561  0.12646198830409358  0.05701754385964912  
 0  0.4418859649122807  0.5696271929824561  0.12573099415204678  0.05592105263157895  
 0  0.4415204678362573  0.6639254385964912  0.12646198830409358  0.0537280701754386  
 0  0.44042397660818716  0.7587719298245614  0.12573099415204678  0.05482456140350877  
 0  0.43969298245614036  0.8508771929824561  0.12573099415204678  0.05701754385964912  
