 0  0.09100877192982457  0.4243421052631579  0.1286549707602339  0.05263157894736842  
 0  0.0935672514619883  0.518640350877193  0.12792397660818713  0.05043859649122807  
 0  0.6736111111111112  0.38596491228070173  0.21198830409356725  0.07894736842105263  
 0  0.6798245614035088  0.8963815789473685  0.20833333333333334  0.0800438596491228  
 0  0.09466374269005848  0.6107456140350878  0.1286549707602339  0.05043859649122807  
 0  0.09649122807017543  0.7072368421052632  0.12938596491228072  0.05263157894736842  
 0  0.09685672514619884  0.7993421052631579  0.12719298245614036  0.05263157894736842  
 0  0.09904970760233918  0.893640350877193  0.12573099415204678  0.05263157894736842  
 0  0.34502923976608185  0.0268640350877193  0.12938596491228072  0.049342105263157895  
 0  0.3472222222222222  0.12006578947368421  0.13230994152046785  0.05592105263157895  
 0  0.35014619883040937  0.21710526315789475  0.12792397660818713  0.05482456140350877  
 0  0.3519736842105263  0.3119517543859649  0.12719298245614036  0.0537280701754386  
 0  0.35526315789473684  0.40734649122807015  0.12792397660818713  0.06030701754385965  
 0  0.3717105263157895  0.5230263157894737  0.12719298245614036  0.05482456140350877  
 0  0.37244152046783624  0.6173245614035088  0.12719298245614036  0.05921052631578947  
 0  0.37317251461988304  0.7099780701754386  0.12719298245614036  0.0581140350877193  
 0  0.3742690058479532  0.8042763157894737  0.12646198830409358  0.05592105263157895  
 0  0.37390350877192985  0.8963815789473685  0.12719298245614036  0.0581140350877193  
