 0  0.089546783625731  0.42160087719298245  0.1286549707602339  0.06030701754385965  
 0  0.09210526315789473  0.5164473684210527  0.12938596491228072  0.05701754385964912  
 0  0.0935672514619883  0.612390350877193  0.13084795321637427  0.0581140350877193  
 0  0.09612573099415204  0.7028508771929824  0.1286549707602339  0.05482456140350877  
 0  0.09685672514619884  0.7987938596491229  0.12573099415204678  0.0537280701754386  
 0  0.09904970760233918  0.8919956140350878  0.12573099415204678  0.0537280701754386  
 0  0.6721491228070176  0.38377192982456143  0.21198830409356725  0.08333333333333333  
 0  0.6798245614035088  0.8963815789473685  0.20687134502923976  0.08442982456140351  
 0  0.3746345029239766  0.8963815789473685  0.12573099415204678  0.05592105263157895  
 0  0.37317251461988304  0.8031798245614035  0.1286549707602339  0.0581140350877193  
 0  0.37317251461988304  0.7088815789473685  0.12719298245614036  0.0537280701754386  
 0  0.37244152046783624  0.6151315789473685  0.1286549707602339  0.05482456140350877  
 0  0.37207602339181284  0.5219298245614035  0.12792397660818713  0.05701754385964912  
 0  0.3538011695906433  0.4106359649122807  0.12792397660818713  0.05592105263157895  
 0  0.3516081871345029  0.31085526315789475  0.13084795321637427  0.0537280701754386  
 0  0.34978070175438597  0.21600877192982457  0.1286549707602339  0.05921052631578947  
 0  0.3475877192982456  0.12006578947368421  0.1301169590643275  0.0581140350877193  
 0  0.34576023391812866  0.0268640350877193  0.12938596491228072  0.051535087719298246  
