 0  0.08991228070175439  0.4237938596491228  0.12646198830409358  0.0537280701754386  
 0  0.09210526315789473  0.5180921052631579  0.12792397660818713  0.049342105263157895  
 0  0.0939327485380117  0.6118421052631579  0.12719298245614036  0.05701754385964912  
 0  0.09466374269005848  0.7055921052631579  0.12719298245614036  0.0581140350877193  
 0  0.09685672514619884  0.7982456140350878  0.12719298245614036  0.05701754385964912  
 0  0.09978070175438597  0.8925438596491229  0.12573099415204678  0.05701754385964912  
 0  0.7006578947368421  0.15186403508771928  0.2134502923976608  0.08881578947368421  
 0  0.702485380116959  0.6754385964912281  0.2097953216374269  0.08114035087719298  
 0  0.37390350877192985  0.8952850877192983  0.12573099415204678  0.051535087719298246  
 0  0.37353801169590645  0.8031798245614035  0.125  0.0537280701754386  
 0  0.37244152046783624  0.7105263157894737  0.12719298245614036  0.05263157894736842  
 0  0.3706140350877193  0.6145833333333334  0.12792397660818713  0.0581140350877193  
 0  0.3717105263157895  0.5224780701754386  0.12719298245614036  0.0537280701754386  
 0  0.3538011695906433  0.40789473684210525  0.12938596491228072  0.05263157894736842  
 0  0.3512426900584795  0.31030701754385964  0.1301169590643275  0.05263157894736842  
 0  0.34941520467836257  0.21655701754385964  0.12938596491228072  0.05592105263157895  
 0  0.347953216374269  0.1206140350877193  0.12938596491228072  0.05701754385964912  
 0  0.34612573099415206  0.025767543859649123  0.1286549707602339  0.049342105263157895  
