 0  0.0891812865497076  0.4232456140350877  0.125  0.05263157894736842  
 0  0.09173976608187134  0.5180921052631579  0.1301169590643275  0.0537280701754386  
 0  0.0939327485380117  0.6118421052631579  0.12719298245614036  0.05482456140350877  
 0  0.09539473684210527  0.7055921052631579  0.1286549707602339  0.051535087719298246  
 0  0.09612573099415204  0.7993421052631579  0.12573099415204678  0.05263157894736842  
 0  0.097953216374269  0.893640350877193  0.12646198830409358  0.05263157894736842  
 0  0.34612573099415206  0.12116228070175439  0.1286549707602339  0.05592105263157895  
 0  0.34978070175438597  0.21655701754385964  0.12719298245614036  0.05592105263157895  
 0  0.3527046783625731  0.31030701754385964  0.1286549707602339  0.05701754385964912  
 0  0.3538011695906433  0.40734649122807015  0.13084795321637427  0.0537280701754386  
 0  0.3717105263157895  0.5213815789473685  0.12573099415204678  0.0537280701754386  
 0  0.3713450292397661  0.6156798245614035  0.12792397660818713  0.0537280701754386  
 0  0.37244152046783624  0.7099780701754386  0.12719298245614036  0.0581140350877193  
 0  0.37317251461988304  0.8037280701754386  0.12719298245614036  0.05482456140350877  
 0  0.37353801169590645  0.8969298245614035  0.125  0.05263157894736842  
 0  0.7039473684210527  0.6754385964912281  0.20687134502923976  0.07675438596491228  
 0  0.7010233918128655  0.15076754385964913  0.21125730994152048  0.08662280701754387  
 0  0.3446637426900585  0.0268640350877193  0.13157894736842105  0.049342105263157895  
