 0  0.36951754385964913  0.08881578947368421  0.12719298245614036  0.05921052631578947  
 0  0.36622807017543857  0.2461622807017544  0.12792397660818713  0.05592105263157895  
 0  0.3676900584795322  0.34155701754385964  0.12792397660818713  0.05592105263157895  
 0  0.36878654970760233  0.43914473684210525  0.1286549707602339  0.0581140350877193  
 0  0.36988304093567254  0.5334429824561403  0.12646198830409358  0.05592105263157895  
 0  0.36915204678362573  0.6266447368421053  0.12792397660818713  0.0537280701754386  
 0  0.3713450292397661  0.7231359649122807  0.12646198830409358  0.05592105263157895  
 0  0.3702485380116959  0.8980263157894737  0.12573099415204678  0.05482456140350877  
 0  0.370796783625731  0.9812225877192983  0.12682748538011696  0.03700657894736842  
 0  0.7046783625730995  0.6655701754385965  0.20833333333333334  0.07236842105263158  
 0  0.7028508771929824  0.14035087719298245  0.2134502923976608  0.08114035087719298  
