 0  0.36988304093567254  0.08826754385964912  0.12646198830409358  0.0581140350877193  
 0  0.3680555555555556  0.2450657894736842  0.1286549707602339  0.05592105263157895  
 0  0.3680555555555556  0.34210526315789475  0.12719298245614036  0.05921052631578947  
 0  0.3684210526315789  0.4380482456140351  0.12646198830409358  0.0537280701754386  
 0  0.36951754385964913  0.5334429824561403  0.12573099415204678  0.0537280701754386  
 0  0.3702485380116959  0.6288377192982456  0.12573099415204678  0.0537280701754386  
 0  0.37207602339181284  0.7220394736842105  0.12646198830409358  0.0537280701754386  
 0  0.7035818713450293  0.14144736842105263  0.2134502923976608  0.08114035087719298  
 0  0.7046783625730995  0.6650219298245614  0.20833333333333334  0.07785087719298246  
 0  0.36951754385964913  0.899671052631579  0.12573099415204678  0.0537280701754386  
