 0  0.1476608187134503  0.0537280701754386  0.13230994152046785  0.05482456140350877  
 0  0.14948830409356725  0.14802631578947367  0.12719298245614036  0.05921052631578947  
 0  0.14985380116959066  0.2461622807017544  0.12938596491228072  0.05592105263157895  
 0  0.1509502923976608  0.33881578947368424  0.12719298245614036  0.05921052631578947  
 0  0.15387426900584794  0.7149122807017544  0.1286549707602339  0.05043859649122807  
 0  0.4784356725146199  0.1924342105263158  0.21198830409356725  0.0800438596491228  
 0  0.4791666666666667  0.7165570175438597  0.20760233918128654  0.07785087719298246  
 0  0.15497076023391812  0.8081140350877193  0.12792397660818713  0.05482456140350877  
 0  0.15789473684210525  0.9029605263157895  0.12792397660818713  0.051535087719298246  
 0  0.1599049707602339  0.9823190789473685  0.12317251461988304  0.03481359649122807  
