 0  0.2642543859649123  0.11074561403508772  0.1301169590643275  0.05263157894736842  
 0  0.26242690058479534  0.023026315789473683  0.12938596491228072  0.043859649122807015  
 0  0.266812865497076  0.20285087719298245  0.12792397660818713  0.05921052631578947  
 0  0.2679093567251462  0.29714912280701755  0.12719298245614036  0.05482456140350877  
 0  0.2675438596491228  0.3930921052631579  0.12792397660818713  0.05592105263157895  
 0  0.2679093567251462  0.4895833333333333  0.13157894736842105  0.0537280701754386  
 0  0.589546783625731  0.08991228070175439  0.21198830409356725  0.08991228070175439  
 0  0.5942982456140351  0.6173245614035088  0.21125730994152048  0.07894736842105263  
 0  0.8556286549707602  0.3163377192982456  0.12719298245614036  0.05592105263157895  
 0  0.8541666666666666  0.21820175438596492  0.12719298245614036  0.05921052631578947  
 0  0.8552631578947368  0.12006578947368421  0.12792397660818713  0.06030701754385965  
 0  0.856359649122807  0.027412280701754384  0.1286549707602339  0.05263157894736842  
