 0  0.2627923976608187  0.02138157894736842  0.13157894736842105  0.04057017543859649  
 0  0.5891812865497076  0.0893640350877193  0.21710526315789475  0.0800438596491228  
 0  0.2631578947368421  0.10855263157894737  0.1337719298245614  0.05921052631578947  
 0  0.26644736842105265  0.20449561403508773  0.1301169590643275  0.0581140350877193  
 0  0.2682748538011696  0.29769736842105265  0.12792397660818713  0.0581140350877193  
 0  0.26864035087719296  0.39473684210526316  0.12719298245614036  0.05921052631578947  
 0  0.26864035087719296  0.48848684210526316  0.1301169590643275  0.0581140350877193  
 0  0.5953947368421053  0.6145833333333334  0.2134502923976608  0.07785087719298246  
 0  0.8538011695906432  0.3163377192982456  0.12646198830409358  0.06030701754385965  
 0  0.8552631578947368  0.21984649122807018  0.12792397660818713  0.0581140350877193  
 0  0.856359649122807  0.12280701754385964  0.1286549707602339  0.05701754385964912  
 0  0.8567251461988304  0.0268640350877193  0.12792397660818713  0.047149122807017545  
