 0  0.28289473684210525  0.43640350877192985  0.13084795321637427  0.05043859649122807  
 0  0.2850877192982456  0.5301535087719298  0.12792397660818713  0.0537280701754386  
 0  0.28764619883040937  0.6173245614035088  0.12719298245614036  0.05701754385964912  
 0  0.28764619883040937  0.706140350877193  0.12719298245614036  0.05263157894736842  
 0  0.2887426900584795  0.8031798245614035  0.12938596491228072  0.0537280701754386  
 0  0.2891081871345029  0.8958333333333334  0.12719298245614036  0.06140350877192982  
 0  0.5891812865497076  0.08826754385964912  0.21125730994152048  0.07785087719298246  
 0  0.5950292397660819  0.6145833333333334  0.2141812865497076  0.07785087719298246  
 0  0.8541666666666666  0.3168859649122807  0.12573099415204678  0.05921052631578947  
 0  0.8548976608187134  0.21929824561403508  0.12719298245614036  0.05921052631578947  
 0  0.8548976608187134  0.12006578947368421  0.1286549707602339  0.06030701754385965  
 0  0.8559941520467836  0.02850877192982456  0.12938596491228072  0.05263157894736842  
