 0  0.28399122807017546  0.4380482456140351  0.13304093567251463  0.0537280701754386  
 0  0.2847222222222222  0.5290570175438597  0.1286549707602339  0.05592105263157895  
 0  0.28728070175438597  0.618421052631579  0.12792397660818713  0.05263157894736842  
 0  0.2880116959064328  0.7083333333333334  0.125  0.05921052631578947  
 0  0.2887426900584795  0.8015350877192983  0.12646198830409358  0.05921052631578947  
 0  0.28983918128654973  0.8969298245614035  0.12573099415204678  0.05482456140350877  
 0  0.5880847953216374  0.0893640350877193  0.21198830409356725  0.08662280701754387  
 0  0.596125730994152  0.6129385964912281  0.2134502923976608  0.08552631578947369  
 0  0.8538011695906432  0.3163377192982456  0.12938596491228072  0.06030701754385965  
 0  0.8548976608187134  0.21929824561403508  0.1286549707602339  0.05701754385964912  
 0  0.8559941520467836  0.12116228070175439  0.12792397660818713  0.0625  
 0  0.8556286549707602  0.027960526315789474  0.1286549707602339  0.051535087719298246  
