 0  0.4956140350877193  0.22587719298245615  0.03728070175438596  0.015350877192982455  
 0  0.4952485380116959  0.2538377192982456  0.03654970760233918  0.01644736842105263  
 0  0.4952485380116959  0.2807017543859649  0.03654970760233918  0.015350877192982455  
 0  0.4956140350877193  0.3081140350877193  0.03728070175438596  0.017543859649122806  
 0  0.4967105263157895  0.3338815789473684  0.03654970760233918  0.01864035087719298  
 0  0.39510233918128657  0.3673245614035088  0.038011695906432746  0.017543859649122806  
 0  0.3965643274853801  0.39364035087719296  0.03654970760233918  0.017543859649122806  
 0  0.3969298245614035  0.42160087719298245  0.03728070175438596  0.01644736842105263  
 0  0.3972953216374269  0.4473684210526316  0.03654970760233918  0.015350877192982455  
 0  0.3980263157894737  0.4725877192982456  0.038011695906432746  0.017543859649122806  
 0  0.3980263157894737  0.4994517543859649  0.03654970760233918  0.01864035087719298  
 0  0.47404970760233917  0.36293859649122806  0.038011695906432746  0.019736842105263157  
 0  0.47368421052631576  0.39035087719298245  0.03728070175438596  0.015350877192982455  
 0  0.47404970760233917  0.4166666666666667  0.038011695906432746  0.017543859649122806  
 0  0.47478070175438597  0.4440789473684211  0.03654970760233918  0.015350877192982455  
 0  0.4755116959064328  0.47039473684210525  0.03654970760233918  0.015350877192982455  
 0  0.4762426900584795  0.4961622807017544  0.03654970760233918  0.01864035087719298  
 0  0.5785818713450293  0.3618421052631579  0.038011695906432746  0.017543859649122806  
 0  0.5796783625730995  0.3881578947368421  0.03874269005847953  0.015350877192982455  
 0  0.5800438596491229  0.4155701754385965  0.038011695906432746  0.017543859649122806  
 0  0.5804093567251462  0.4407894736842105  0.03728070175438596  0.017543859649122806  
 0  0.5818713450292398  0.46710526315789475  0.03728070175438596  0.017543859649122806  
 0  0.5815058479532164  0.49451754385964913  0.039473684210526314  0.019736842105263157  
