 0  0.3961988304093567  0.3656798245614035  0.03728070175438596  0.01864035087719298  
 0  0.3961988304093567  0.39473684210526316  0.03874269005847953  0.015350877192982455  
 0  0.3972953216374269  0.4194078947368421  0.03654970760233918  0.01644736842105263  
 0  0.3972953216374269  0.44627192982456143  0.03654970760233918  0.015350877192982455  
 0  0.39766081871345027  0.4731359649122807  0.035818713450292396  0.01425438596491228  
 0  0.3983918128654971  0.49835526315789475  0.035818713450292396  0.01425438596491228  
 0  0.49488304093567254  0.22642543859649122  0.03728070175438596  0.01864035087719298  
 0  0.4959795321637427  0.2532894736842105  0.038011695906432746  0.017543859649122806  
 0  0.4952485380116959  0.28015350877192985  0.03654970760233918  0.01644736842105263  
 0  0.4959795321637427  0.3086622807017544  0.038011695906432746  0.01644736842105263  
 0  0.4959795321637427  0.3338815789473684  0.038011695906432746  0.01644736842105263  
 0  0.4733187134502924  0.36348684210526316  0.038011695906432746  0.01864035087719298  
 0  0.47368421052631576  0.39035087719298245  0.03874269005847953  0.017543859649122806  
 0  0.47441520467836257  0.41721491228070173  0.03728070175438596  0.01425438596491228  
 0  0.4755116959064328  0.44243421052631576  0.03654970760233918  0.01644736842105263  
 0  0.4762426900584795  0.46984649122807015  0.03654970760233918  0.01644736842105263  
 0  0.4758771929824561  0.49725877192982454  0.03728070175438596  0.01644736842105263  
 0  0.5789473684210527  0.3607456140350877  0.03728070175438596  0.015350877192982455  
 0  0.5793128654970761  0.3881578947368421  0.03654970760233918  0.013157894736842105  
 0  0.5800438596491229  0.4144736842105263  0.03654970760233918  0.015350877192982455  
 0  0.5804093567251462  0.4413377192982456  0.03728070175438596  0.01644736842105263  
 0  0.5807748538011696  0.46765350877192985  0.03654970760233918  0.01644736842105263  
 0  0.5826023391812866  0.49396929824561403  0.03728070175438596  0.01644736842105263  
