 0  0.3932748538011696  0.2461622807017544  0.03874269005847953  0.01425438596491228  
 0  0.39400584795321636  0.2741228070175439  0.03728070175438596  0.015350877192982455  
 0  0.39510233918128657  0.2993421052631579  0.03654970760233918  0.015350877192982455  
 0  0.39546783625730997  0.32730263157894735  0.035818713450292396  0.01425438596491228  
 0  0.3961988304093567  0.3536184210526316  0.03728070175438596  0.01644736842105263  
 0  0.39766081871345027  0.3793859649122807  0.03728070175438596  0.015350877192982455  
 0  0.49415204678362573  0.22478070175438597  0.03874269005847953  0.015350877192982455  
 0  0.4952485380116959  0.25164473684210525  0.03654970760233918  0.01425438596491228  
 0  0.4959795321637427  0.27905701754385964  0.039473684210526314  0.01644736842105263  
 0  0.4963450292397661  0.3053728070175439  0.03728070175438596  0.01864035087719298  
 0  0.49817251461988304  0.3333333333333333  0.03654970760233918  0.019736842105263157  
 0  0.47368421052631576  0.36239035087719296  0.035818713450292396  0.01644736842105263  
 0  0.47514619883040937  0.38980263157894735  0.03728070175438596  0.01644736842105263  
 0  0.47441520467836257  0.41776315789473684  0.03435672514619883  0.015350877192982455  
 0  0.4755116959064328  0.4440789473684211  0.03508771929824561  0.015350877192982455  
 0  0.4755116959064328  0.46984649122807015  0.03508771929824561  0.01644736842105263  
 0  0.4766081871345029  0.4967105263157895  0.035818713450292396  0.013157894736842105  
 0  0.5785818713450293  0.3618421052631579  0.038011695906432746  0.015350877192982455  
 0  0.5793128654970761  0.3881578947368421  0.038011695906432746  0.017543859649122806  
 0  0.5800438596491229  0.4155701754385965  0.038011695906432746  0.015350877192982455  
 0  0.5800438596491229  0.44243421052631576  0.03508771929824561  0.01644736842105263  
 0  0.5815058479532164  0.46765350877192985  0.03508771929824561  0.01644736842105263  
 0  0.5815058479532164  0.4934210526315789  0.038011695906432746  0.013157894736842105  
