 0  0.3925438596491228  0.24561403508771928  0.03874269005847953  0.015350877192982455  
 0  0.39364035087719296  0.2730263157894737  0.039473684210526314  0.017543859649122806  
 0  0.39437134502923976  0.29989035087719296  0.03654970760233918  0.01425438596491228  
 0  0.39473684210526316  0.3262061403508772  0.035818713450292396  0.01644736842105263  
 0  0.3965643274853801  0.3541666666666667  0.03654970760233918  0.017543859649122806  
 0  0.39766081871345027  0.38048245614035087  0.03874269005847953  0.017543859649122806  
 0  0.49415204678362573  0.2236842105263158  0.03874269005847953  0.017543859649122806  
 0  0.4952485380116959  0.2505482456140351  0.03654970760233918  0.01864035087719298  
 0  0.4952485380116959  0.27850877192982454  0.039473684210526314  0.019736842105263157  
 0  0.4967105263157895  0.3048245614035088  0.038011695906432746  0.017543859649122806  
 0  0.49817251461988304  0.33223684210526316  0.03654970760233918  0.017543859649122806  
 0  0.4733187134502924  0.36403508771929827  0.03654970760233918  0.015350877192982455  
 0  0.47441520467836257  0.39089912280701755  0.035818713450292396  0.01644736842105263  
 0  0.47441520467836257  0.41831140350877194  0.035818713450292396  0.01425438596491228  
 0  0.47514619883040937  0.44243421052631576  0.035818713450292396  0.01425438596491228  
 0  0.4755116959064328  0.47039473684210525  0.03654970760233918  0.015350877192982455  
 0  0.4755116959064328  0.4961622807017544  0.03508771929824561  0.01425438596491228  
 0  0.5785818713450293  0.3612938596491228  0.038011695906432746  0.01644736842105263  
 0  0.5793128654970761  0.3887061403508772  0.03508771929824561  0.01425438596491228  
 0  0.580109461688409  0.41505004498425546  0.03654970760233918  0.013354700854700858  
 0  0.5810466336782126  0.44140800719748086  0.03561253561253562  0.014057579847053529  
 0  0.5815152196731144  0.4674145299145299  0.03561253561253562  0.015463337831758869  
 0  0.5817495126705653  0.494475371120108  0.03701829359724096  0.014760458839406198  
