 0  0.40132540781779014  0.29792820867959374  0.03510695598645734  0.014427516158818071  
 0  0.40180632502308405  0.32534048938134813  0.035106955986457425  0.01587026777469989  
 0  0.40132540781779014  0.3520313942751616  0.03606879039704526  0.014427516158818134  
 0  0.40156586642043707  0.37872229916897504  0.03654970760233918  0.014427516158818071  
 0  0.402046783625731  0.4054132040627886  0.03558787319175134  0.017313019390581712  
 0  0.40156586642043707  0.432104108956602  0.03558787319175134  0.014427516158818071  
 0  0.5001538935056941  0.22218374884579872  0.03654970760233918  0.015870267774699923  
 0  0.5001538935056941  0.24851396583564173  0.03751154201292702  0.01659164358264083  
 0  0.500394352108341  0.27556555863342563  0.0370306248076331  0.01587026777469989  
 0  0.501356186518929  0.3022564635272391  0.03606879039704518  0.01587026777469989  
 0  0.5008752693136349  0.3293080563250231  0.0370306248076331  0.01659164358264083  
 0  0.4773103262542321  0.3599665281625115  0.035106955986457425  0.014427516158818071  
 0  0.47851261926746697  0.3862967451523545  0.03558787319175126  0.013706140350877192  
 0  0.47851261926746697  0.41298765004616805  0.03558787319175126  0.01514889196675895  
 0  0.47803170206217294  0.43895717913204063  0.03558787319175134  0.015148891966759013  
 0  0.477791243459526  0.46600877192982454  0.03606879039704526  0.015870267774699954  
 0  0.47827216066482  0.49233898891966754  0.03510695598645734  0.01659164358264083  
 0  0.5797456909818406  0.36104859187442284  0.0370306248076331  0.01803439519852265  
 0  0.5799861495844876  0.3884608725761773  0.03558787319175134  0.01659164358264083  
 0  0.5797456909818406  0.4155124653739612  0.03606879039704526  0.014427516158818134  
 0  0.5804670667897814  0.4414819944598338  0.03751154201292702  0.01587026777469989  
 0  0.5799861495844876  0.46781221144967683  0.03558787319175134  0.01659164358264083  
 0  0.5807075253924284  0.4948638042474608  0.0370306248076331  0.017313019390581712  
