 0  0.4013439046333783  0.29802069275753484  0.0360811216074374  0.015463337831758869  
 0  0.4013439046333783  0.32473009446693657  0.0360811216074374  0.014057579847053529  
 0  0.4013439046333783  0.3517909356725146  0.03701829359724096  0.01616621682411154  
 0  0.4018124906282801  0.3785003373819163  0.0360811216074374  0.014760458839406198  
 0  0.402046783625731  0.40450686009896536  0.03654970760233918  0.01616621682411154  
 0  0.4018124906282801  0.4322705802968961  0.0360811216074374  0.015463337831758869  
 0  0.5009184285500076  0.2214068825910931  0.03654970760233918  0.0154633378317589  
 0  0.5009184285500076  0.24776484480431848  0.03654970760233918  0.01616621682411154  
 0  0.5004498425551057  0.2755285650022492  0.03654970760233918  0.015463337831758869  
 0  0.5013870145449093  0.30223796671165093  0.03654970760233918  0.01686909581646421  
 0  0.5011527215474584  0.3296502474134053  0.0360811216074374  0.01686909581646421  
 0  0.47772342180236915  0.35881972559604136  0.03514394961763384  0.014760458839406198  
 0  0.47772342180236915  0.3865834457939721  0.0360811216074374  0.015463337831758869  
 0  0.4786605937921727  0.4118870895186685  0.03514394961763384  0.015463337831758869  
 0  0.4784263007947218  0.4396508097165992  0.03654970760233918  0.014760458839406198  
 0  0.5794065826960564  0.36127980206927574  0.0360811216074374  0.015463337831758931  
 0  0.4784263007947218  0.46600877192982454  0.03467536362273206  0.015463337831758869  
 0  0.47795771479982  0.49166385515069727  0.03654970760233918  0.016166216824111602  
 0  0.5803437546858599  0.38834064327485374  0.03514394961763384  0.016166216824111602  
 0  0.580109461688409  0.4154014844804318  0.03654970760233918  0.015463337831758931  
 0  0.5803437546858599  0.4407051282051282  0.0360811216074374  0.015463337831758869  
 0  0.580109461688409  0.46776596941070625  0.03654970760233918  0.014760458839406198  
 0  0.5808123406807617  0.4948268106162843  0.03514394961763384  0.014057579847053529  
