 0  0.4013439046333783  0.2976692532613585  0.0360811216074374  0.01616621682411154  
 0  0.402046783625731  0.3236757759784075  0.03654970760233918  0.01757197480881688  
 0  0.4013439046333783  0.35143949617633824  0.0360811216074374  0.014057579847053529  
 0  0.4018124906282801  0.37814889788573997  0.03701829359724096  0.015463337831758869  
 0  0.4022810766231819  0.4048582995951417  0.0360811216074374  0.015463337831758869  
 0  0.4025153696206328  0.43086482231219075  0.03654970760233918  0.015463337831758869  
 0  0.5004498425551057  0.22070400359874043  0.03654970760233918  0.01686909581646424  
 0  0.5002155495576548  0.24741340530814215  0.0360811216074374  0.01686909581646424  
 0  0.5013870145449093  0.2755285650022492  0.03467536362273206  0.015463337831758869  
 0  0.5011527215474584  0.30258940620782726  0.03701829359724096  0.01616621682411154  
 0  0.5011527215474584  0.32894736842105265  0.03701829359724096  0.01686909581646421  
 0  0.4784263007947218  0.3591711650922177  0.03748687959214274  0.01686909581646421  
 0  0.4788948867896236  0.3858805668016194  0.03561253561253562  0.015463337831758869  
 0  0.47819200779727095  0.41258996851102114  0.03514394961763384  0.01686909581646421  
 0  0.4786605937921727  0.43929937022042287  0.0360811216074374  0.015463337831758869  
 0  0.4786605937921727  0.4653058929374719  0.03514394961763384  0.016869095816464272  
 0  0.47795771479982  0.49131241565452094  0.03561253561253562  0.016869095816464272  
 0  0.5798751686909581  0.36163124156545207  0.0360811216074374  0.016166216824111602  
 0  0.5805780476833108  0.38834064327485374  0.03561253561253562  0.016166216824111602  
 0  0.5805780476833108  0.41505004498425546  0.03654970760233918  0.016166216824111602  
 0  0.5805780476833108  0.4407051282051282  0.03467536362273206  0.01686909581646421  
 0  0.5812809266756634  0.46776596941070625  0.03701829359724096  0.01616621682411154  
 0  0.5810466336782126  0.494475371120108  0.03654970760233918  0.01616621682411154  
