 0  0.39876668166141854  0.3342189608636977  0.03561253561253554  0.016166216824111602  
 0  0.39923526765632034  0.36127980206927574  0.03654970760233918  0.015463337831758931  
 0  0.3994695606537712  0.38869208277103007  0.0360811216074374  0.015463337831758931  
 0  0.40064102564102566  0.4143471659919028  0.03654970760233918  0.01757197480881694  
 0  0.4015781976308292  0.44140800719748086  0.03561253561253562  0.015463337831758869  
 0  0.402046783625731  0.46776596941070625  0.03748687959214274  0.01897773279352222  
 0  0.5009184285500076  0.22105544309491676  0.03561253561253562  0.014760458839406198  
 0  0.5004498425551057  0.24776484480431848  0.03561253561253562  0.01616621682411154  
 0  0.5013870145449093  0.2744742465137202  0.03748687959214274  0.01616621682411157  
 0  0.5016213075423602  0.30118364822312194  0.0360811216074374  0.01616621682411154  
 0  0.5016213075423602  0.32824448942869994  0.0360811216074374  0.016869095816464272  
 0  0.47795771479982  0.359522604588394  0.03561253561253562  0.014760458839406198  
 0  0.4784263007947218  0.3855291273054431  0.03654970760233918  0.01897773279352222  
 0  0.4784263007947218  0.41153565002249215  0.03561253561253562  0.01616621682411154  
 0  0.4786605937921727  0.43929937022042287  0.03701829359724096  0.01686909581646421  
 0  0.4784263007947218  0.4656573324336482  0.03561253561253562  0.01616621682411154  
 0  0.4784263007947218  0.49166385515069727  0.03561253561253562  0.016166216824111602  
 0  0.5798751686909581  0.36127980206927574  0.0360811216074374  0.014057579847053591  
 0  0.580109461688409  0.3879892037786774  0.03654970760233918  0.01827485380116961  
 0  0.5798751686909581  0.41469860548807913  0.03701829359724096  0.015463337831758869  
 0  0.5803437546858599  0.44140800719748086  0.03701829359724096  0.01686909581646421  
 0  0.5803437546858599  0.4681174089068826  0.03701829359724096  0.015463337831758869  
 0  0.5815152196731144  0.494475371120108  0.03654970760233918  0.01897773279352222  
