 0  0.3982980956665167  0.33457040035987407  0.03561253561253562  0.014057579847053529  
 0  0.3994695606537712  0.36127980206927574  0.03701829359724096  0.015463337831758931  
 0  0.399938146648673  0.38728632478632474  0.03701829359724096  0.015463337831758869  
 0  0.40064102564102566  0.41469860548807913  0.03748687959214274  0.015463337831758869  
 0  0.4022810766231819  0.4407051282051282  0.0360811216074374  0.015463337831758869  
 0  0.4018124906282801  0.4681174089068826  0.03701829359724096  0.015463337831758869  
 0  0.5009184285500076  0.2214068825910931  0.03654970760233918  0.01827485380116958  
 0  0.5011527215474584  0.24811628430049482  0.03701829359724096  0.01686909581646424  
 0  0.5006841355525566  0.2755285650022492  0.039829809566651726  0.01827485380116958  
 0  0.5013870145449093  0.3029408457040036  0.03748687959214274  0.01686909581646421  
 0  0.5013870145449093  0.33000168690958165  0.038424051581946304  0.01616621682411154  
 0  0.4788948867896236  0.3591711650922177  0.03561253561253562  0.015463337831758869  
 0  0.4788948867896236  0.38623200629779575  0.03561253561253562  0.014760458839406198  
 0  0.4786605937921727  0.4129414080071975  0.03514394961763384  0.01616621682411154  
 0  0.47819200779727095  0.43929937022042287  0.03701829359724096  0.01686909581646421  
 0  0.4786605937921727  0.46600877192982454  0.0360811216074374  0.015463337831758869  
 0  0.4784263007947218  0.49166385515069727  0.03561253561253562  0.016166216824111602  
 0  0.580109461688409  0.3619826810616284  0.03654970760233918  0.015463337831758931  
 0  0.5805780476833108  0.3879892037786774  0.03654970760233918  0.015463337831758931  
 0  0.5803437546858599  0.4154014844804318  0.0360811216074374  0.015463337831758931  
 0  0.5803437546858599  0.4410565677013045  0.0360811216074374  0.014760458839406198  
 0  0.5810466336782126  0.4674145299145299  0.03654970760233918  0.01686909581646421  
 0  0.5812809266756634  0.494475371120108  0.03701829359724096  0.014760458839406198  
