 0  0.40282999164578104  0.35479323308270677  0.0360275689223058  0.0156641604010025  
 0  0.40335213032581446  0.38103070175438597  0.03811612364243941  0.014880952380952425  
 0  0.4043964076858813  0.4084429824561403  0.037071846282372645  0.01644736842105263  
 0  0.40596282372598164  0.4346804511278195  0.03707184628237256  0.017230576441102704  
 0  0.40752923976608185  0.4613095238095238  0.03811612364243949  0.018796992481202972  
 0  0.4093567251461988  0.4871553884711779  0.03654970760233918  0.017230576441102766  
 0  0.5028195488721805  0.28312969924812026  0.03759398496240603  0.018013784461152867  
 0  0.5036027568922306  0.30975877192982454  0.03811612364243941  0.019580200501253107  
 0  0.5036027568922306  0.3375626566416039  0.03707184628237256  0.017230576441102766  
 0  0.5038638262322472  0.3634085213032581  0.038638262322472874  0.018796992481202972  
 0  0.5041248955722639  0.3896459899749373  0.03916040100250626  0.01644736842105263  
 0  0.48350041771094393  0.4417293233082706  0.03759398496240603  0.0156641604010025  
 0  0.4840225563909774  0.46914160401002497  0.03759398496240603  0.018796992481203034  
 0  0.4850668337510442  0.49420426065162903  0.03759398496240603  0.017230576441102766  
 0  0.4848057644110275  0.5223997493734335  0.037071846282372645  0.0156641604010025  
 0  0.4845446950710108  0.5490288220551378  0.03654970760233918  0.017230576441102704  
 0  0.48585004177109437  0.5744830827067668  0.03916040100250626  0.0180137844611529  
 0  0.5832289055973265  0.37241541353383456  0.038638262322472874  0.01644736842105263  
 0  0.5827067669172932  0.40021929824561403  0.03654970760233918  0.017230576441102766  
 0  0.5840121136173767  0.4264567669172932  0.037071846282372645  0.0180137844611529  
 0  0.58375104427736  0.4523026315789473  0.03759398496240603  0.0180137844611529  
 0  0.5834899749373433  0.47814849624060146  0.03811612364243941  0.018013784461152836  
 0  0.58375104427736  0.5067355889724311  0.03759398496240603  0.018796992481202972  
