 0  0.4022810766231819  0.3556567701304543  0.0360811216074374  0.014057579847053529  
 0  0.4034525416104363  0.38131185335132706  0.03748687959214274  0.016166216824111602  
 0  0.40556117858749435  0.40766981556455245  0.0360811216074374  0.01827485380116961  
 0  0.406264057579847  0.43437921727395407  0.03561253561253562  0.01686909581646421  
 0  0.4072012295696506  0.4610886189833558  0.03561253561253562  0.01686909581646421  
 0  0.4083726945569051  0.48814946018893385  0.036081121607437316  0.01757197480881688  
 0  0.501855600539811  0.283611673414305  0.03561253561253562  0.014760458839406198  
 0  0.5027927725296146  0.3099696356275303  0.03561253561253562  0.015463337831758869  
 0  0.5030270655270656  0.33773335582546105  0.037955465587044525  0.01897773279352222  
 0  0.503964237516869  0.3637398785425101  0.03701829359724096  0.01757197480881688  
 0  0.5046671165092218  0.39080071974808817  0.03748687959214274  0.01686909581646421  
 0  0.4833464537411906  0.44246232568600985  0.0360811216074374  0.014760458839406198  
 0  0.4840493327335433  0.4684688484030589  0.03561253561253562  0.020383490778227622  
 0  0.4849865047233468  0.4948268106162843  0.03748687959214274  0.01686909581646421  
 0  0.48475221172589594  0.5208333333333334  0.0360811216074374  0.016869095816464272  
 0  0.48522079772079774  0.5471912955465588  0.03701829359724096  0.020383490778227622  
 0  0.48615796971060127  0.5742521367521367  0.03514394961763384  0.018274853801169548  
 0  0.5833895636527215  0.37252586594691856  0.03654970760233918  0.015463337831758869  
 0  0.5831552706552706  0.4002895861448493  0.0360811216074374  0.01757197480881688  
 0  0.5833895636527215  0.42629610886189834  0.03748687959214274  0.01757197480881688  
 0  0.5831552706552706  0.451951192082771  0.03701829359724096  0.016869095816464272  
 0  0.5838581496476234  0.47866059379217274  0.03748687959214274  0.01827485380116961  
 0  0.5838581496476234  0.5053699955015745  0.03654970760233918  0.016869095816464272  
