 0  0.3748687959214275  0.35600820962663066  0.03654970760233918  0.01757197480881694  
 0  0.3755716749137802  0.3830690508322087  0.0360811216074374  0.015463337831758869  
 0  0.3774460188933873  0.40872413405308144  0.03701829359724096  0.018977732793522283  
 0  0.3779146048882891  0.43578497525865945  0.03701829359724096  0.014057579847053529  
 0  0.3779146048882891  0.46214293747188484  0.037955465587044525  0.01616621682411154  
 0  0.3790860698755435  0.4895552181736392  0.03654970760233914  0.01616621682411154  
 0  0.5023241865347129  0.28255735492577594  0.03748687959214274  0.01686909581646421  
 0  0.5023241865347129  0.3099696356275303  0.03748687959214274  0.018274853801169548  
 0  0.5034956515219673  0.33667903733693205  0.03701829359724096  0.015463337831758869  
 0  0.5034956515219673  0.36303699955015745  0.038892637576848084  0.01616621682411154  
 0  0.503964237516869  0.39009784075573545  0.03701829359724096  0.01827485380116961  
 0  0.4833464537411906  0.4421108861898335  0.03701829359724096  0.015463337831758869  
 0  0.48428362573099415  0.4691717273954116  0.03701829359724096  0.01616621682411154  
 0  0.48428362573099415  0.49552968960863697  0.03701829359724096  0.01686909581646421  
 0  0.4854550907182486  0.521536212325686  0.03654970760233918  0.01686909581646421  
 0  0.4849865047233468  0.5482456140350878  0.03748687959214274  0.015463337831758869  
 0  0.4856893837156995  0.5742521367521367  0.03701829359724096  0.015463337831758869  
 0  0.5831552706552706  0.37358018443544755  0.03701829359724096  0.01757197480881694  
 0  0.5836238566501725  0.39993814664867294  0.0360811216074374  0.01686909581646421  
 0  0.5829209776578198  0.42629610886189834  0.03654970760233918  0.01616621682411154  
 0  0.5836238566501725  0.4526540710751237  0.03701829359724096  0.01827485380116961  
 0  0.5836238566501725  0.47901203328834907  0.0360811216074374  0.016166216824111602  
 0  0.5838581496476234  0.5046671165092218  0.03561253561253562  0.016869095816464272  
