 0  0.37533738191632926  0.355305330634278  0.03748687959214274  0.016166216824111602  
 0  0.3765088469035837  0.38342049032838504  0.0360811216074374  0.014760458839406198  
 0  0.37674313990103464  0.4090755735492578  0.03654970760233918  0.015463337831758931  
 0  0.37768031189083817  0.43578497525865945  0.03561253561253562  0.015463337831758869  
 0  0.37838319088319083  0.4628458164642375  0.03608112160743736  0.01616621682411154  
 0  0.3790860698755435  0.4877980206927575  0.03561253561253558  0.015463337831758869  
 0  0.502089893537262  0.283611673414305  0.037955465587044525  0.014760458839406198  
 0  0.5025584795321637  0.3099696356275303  0.0360811216074374  0.015463337831758869  
 0  0.5034956515219673  0.33773335582546105  0.0360811216074374  0.01616621682411154  
 0  0.50419853051432  0.36409131803868644  0.03561253561253562  0.015463337831758869  
 0  0.503964237516869  0.39080071974808817  0.0360811216074374  0.01686909581646421  
 0  0.48381503973609236  0.44246232568600985  0.03514394961763384  0.014760458839406198  
 0  0.48428362573099415  0.46987460638776424  0.0360811216074374  0.014760458839406198  
 0  0.48475221172589594  0.49517825011246064  0.0360811216074374  0.01616621682411154  
 0  0.4849865047233468  0.5211847728295097  0.03654970760233918  0.014760458839406198  
 0  0.48522079772079774  0.5482456140350878  0.0360811216074374  0.015463337831758869  
 0  0.4856893837156995  0.5746035762483129  0.0360811216074374  0.013354700854700858  
 0  0.5833895636527215  0.37358018443544755  0.03748687959214274  0.01616621682411154  
 0  0.5836238566501725  0.4002895861448493  0.037955465587044525  0.01616621682411154  
 0  0.5833895636527215  0.425944669365722  0.03748687959214274  0.01686909581646421  
 0  0.5836238566501725  0.45300551057130006  0.0360811216074374  0.014760458839406198  
 0  0.5838581496476234  0.4783091542959964  0.03654970760233918  0.01476045883940626  
 0  0.5840924426450742  0.5060728744939271  0.0360811216074374  0.015463337831758931  
