 0  0.35505430242272346  0.362233709273183  0.03654970760233918  0.014358813700919003  
 0  0.3567947646895015  0.3896459899749374  0.035679476468950144  0.0156641604010025  
 0  0.35722988025619606  0.4160792606516291  0.0348092453355611  0.015011487050960688  
 0  0.35788255360623783  0.4421861946532999  0.03611459203564468  0.016316833751044243  
 0  0.3585352269562796  0.46861946532999166  0.035679476468950144  0.0156641604010025  
 0  0.3589703425229741  0.4944000626566416  0.035679476468950144  0.017622180451127803  
 0  0.45817669172932335  0.29337667084377617  0.03654970760233918  0.01501148705096075  
 0  0.45926448064605957  0.3194836048454469  0.03698482316903368  0.01892752715121136  
 0  0.46013471177944865  0.34689588554720135  0.03698482316903368  0.020232873851294915  
 0  0.4612225006961849  0.37463450292397665  0.03741993873572818  0.018274853801169548  
 0  0.46274540517961577  0.40074143692564745  0.03698482316903368  0.01958020050125317  
 0  0.43946672236145917  0.436312134502924  0.0356794764689501  0.016316833751044306  
 0  0.4399018379281537  0.46307174185463656  0.0348092453355611  0.01501148705096075  
 0  0.4405545112781955  0.4885260025062657  0.03611459203564468  0.016316833751044243  
 0  0.44077206906154276  0.5152856098579783  0.03654970760233918  0.017622180451127803  
 0  0.4412071846282373  0.5407398705096074  0.03741993873572826  0.015011487050960688  
 0  0.4418598579782791  0.5681521512113618  0.03611459203564468  0.015011487050960688  
 0  0.5362799359509886  0.34722222222222215  0.03611459203564468  0.0156641604010025  
 0  0.5364974937343359  0.3743081662489557  0.035679476468950186  0.016316833751044243  
 0  0.5371501670843776  0.4017204469507101  0.03698482316903368  0.016316833751044243  
 0  0.5384555137844612  0.427827380952381  0.03611459203564468  0.015011487050960688  
 0  0.5393257449178501  0.4532816416040101  0.03611459203564468  0.017622180451127803  
 0  0.5404135338345865  0.47971491228070173  0.038290169869117256  0.020885547201336663  
