 0  0.355297157622739  0.36209710322317423  0.03654970760233918  0.015299877600979204  
 0  0.35678464572283425  0.3885531415748674  0.036124711002311995  0.015937372501020047  
 0  0.3569971440228478  0.4159654222766218  0.03569971440228481  0.015937372501020047  
 0  0.35720964232286145  0.4421027131782946  0.036124711002311995  0.014662382700938425  
 0  0.3586971304229566  0.4691962464300286  0.03654970760233914  0.015299877600979204  
 0  0.35975962192302463  0.49565228478172174  0.03697470420236637  0.014662382700938363  
 0  0.45835883312933495  0.2938851489188086  0.03782469740242082  0.017849857201142384  
 0  0.4589963280293758  0.32002243982048145  0.03654970760233918  0.017849857201142384  
 0  0.4600588195294438  0.34743472052223584  0.03782469740242082  0.01912484700122394  
 0  0.46154630762953897  0.3745282537739698  0.037399700802393555  0.019762341901264784  
 0  0.4621838025295798  0.40066554467564264  0.03782469740242074  0.018487352101183165  
 0  0.43944648442812456  0.436046511627907  0.03569971440228473  0.015299877600979204  
 0  0.44008397932816534  0.46218380252957975  0.03527471780225754  0.015299877600979204  
 0  0.4407214742282062  0.48927733578131377  0.03569971440228481  0.015937372501019984  
 0  0.5359207126342989  0.34743472052223584  0.03654970760233918  0.015299877600979141  
 0  0.5367707058343534  0.37516574867401065  0.037399700802393555  0.015937372501019984  
 0  0.5374082007343942  0.4013030395756834  0.03697470420236637  0.014662382700938425  
 0  0.5382581939344485  0.42744033047735625  0.036124711002311995  0.014662382700938363  
 0  0.5391081871345029  0.453577621379029  0.036124711002311995  0.014662382700938425  
 0  0.5399581803345573  0.4803524071807425  0.036124711002311995  0.015937372501020047  
 0  0.4411464708282334  0.5150958792329662  0.03569971440228481  0.01657486740106076  
 0  0.4409339725282198  0.5412331701346389  0.036124711002311995  0.012749898000816023  
 0  0.4411464708282334  0.5680079559363524  0.03569971440228481  0.014024887800897582  
