 0  0.38504691962464305  0.38504691962464305  0.0373997008023936  0.015299877600979204  
 0  0.3865344077247382  0.4130966952264382  0.036124711002311995  0.01657486740106076  
 0  0.38844689242486063  0.43923398612811093  0.0373997008023936  0.015299877600979141  
 0  0.38950938392492856  0.4640962872297022  0.03697470420236637  0.017849857201142384  
 0  0.391421868625051  0.49118982048143617  0.037399700802393555  0.018487352101183227  
 0  0.39184686522507817  0.5179646062831498  0.038249694002447925  0.018487352101183165  
 0  0.45835883312933506  0.2938851489188086  0.036124711002311995  0.01657486740106076  
 0  0.4585713314293486  0.32097868217054265  0.037399700802393555  0.018487352101183227  
 0  0.4596338229294166  0.34679722562219506  0.03867469060247519  0.017849857201142384  
 0  0.46133380932952545  0.3751657486740106  0.03697470420236637  0.017212362301101604  
 0  0.46197130422956617  0.400984292125663  0.038249694002447925  0.019124847001224004  
 0  0.4409339725282198  0.4274403304773562  0.035274717802257625  0.015937372501019984  
 0  0.4417839657282742  0.4529401264789881  0.036124711002311995  0.015937372501020047  
 0  0.4426339589283286  0.47971491228070173  0.036124711002311995  0.017212362301101604  
 0  0.44369645042839656  0.5055334557323541  0.038249694002447925  0.017849857201142384  
 0  0.44497144022847823  0.5323082415340677  0.03569971440228473  0.017849857201142447  
 0  0.44518393852849186  0.5597205222358221  0.03697470420236637  0.015299877600979204  
 0  0.5129708962328302  0.3480722154222766  0.03569971440228473  0.019124847001224004  
 0  0.5131833945328438  0.37484700122399023  0.036124711002311995  0.016574867401060824  
 0  0.5133958928328574  0.4022592819257446  0.03569971440228481  0.016574867401060824  
 0  0.5138208894328845  0.428077825377397  0.03569971440228481  0.014662382700938363  
 0  0.5144583843329253  0.4554901060791514  0.036124711002311995  0.017212362301101604  
 0  0.5148833809329526  0.4809899020807833  0.03697470420236637  0.017212362301101604  
