 0  0.38504691962464305  0.3856844145246838  0.03654970760233922  0.015299877600979204  
 0  0.3858969128246974  0.41182170542635654  0.03569971440228481  0.015299877600979141  
 0  0.38865939072487415  0.43859649122807015  0.03697470420236637  0.019124847001224004  
 0  0.3899343805249558  0.4656900244798042  0.03612471100231195  0.015937372501019984  
 0  0.3907843737250102  0.49087107303141575  0.035274717802257625  0.01657486740106076  
 0  0.3922718618251054  0.5166896164830681  0.03654970760233914  0.01721236230110154  
 0  0.4575088399292805  0.2938851489188086  0.036124711002311995  0.017849857201142384  
 0  0.45878382972936216  0.32097868217054265  0.036124711002311995  0.01721236230110154  
 0  0.459421324629403  0.34839096287229704  0.03569971440228481  0.015937372501019984  
 0  0.46133380932952545  0.3735720114239086  0.03697470420236637  0.015299877600979204  
 0  0.4628212974296205  0.400984292125663  0.03654970760233918  0.01657486740106076  
 0  0.4411464708282334  0.42712158302733577  0.034849721202230434  0.015299877600979204  
 0  0.4409339725282198  0.45453386372909016  0.03697470420236637  0.017849857201142384  
 0  0.44305895552835584  0.4800336597307222  0.036124711002311995  0.016574867401060824  
 0  0.44369645042839656  0.5071271929824561  0.03654970760233918  0.015937372501019984  
 0  0.44454644362845097  0.5326269889840882  0.03569971440228473  0.017212362301101604  
 0  0.44560893512851896  0.5594017747858018  0.036124711002311995  0.015937372501019984  
 0  0.5119084047327622  0.3487097103223174  0.036124711002311995  0.017849857201142384  
 0  0.5127583979328165  0.37516574867401065  0.03527471780225754  0.015937372501019984  
 0  0.5133958928328574  0.4022592819257446  0.03654970760233918  0.017849857201142384  
 0  0.5144583843329253  0.4287153202774378  0.035274717802257625  0.01721236230110154  
 0  0.5148833809329526  0.45453386372909016  0.03527471780225754  0.01657486740106076  
 0  0.5144583843329253  0.48130864953080377  0.03697470420236637  0.015299877600979204  
