 0  0.38207194342445255  0.3856844145246838  0.03569971440228477  0.015299877600979204  
 0  0.3822844417244662  0.4127779477764178  0.03612471100231195  0.01721236230110154  
 0  0.3831344349245206  0.4398714810281518  0.03697470420236641  0.019124847001224004  
 0  0.3841969264245886  0.4656900244798042  0.03569971440228477  0.01721236230110154  
 0  0.3846219230246158  0.49214606283149737  0.03654970760233914  0.016574867401060824  
 0  0.3848344213246294  0.5179646062831498  0.03697470420236641  0.017212362301101604  
 0  0.4589963280293758  0.28432272541819664  0.03654970760233918  0.015299877600979173  
 0  0.4585713314293486  0.31109751121991025  0.037399700802393555  0.015299877600979204  
 0  0.4606963144294845  0.33755354957160344  0.03739970080239364  0.017212362301101604  
 0  0.460483816129471  0.3646470828233374  0.03612471100231191  0.015299877600979204  
 0  0.4623963008295934  0.391421868625051  0.03654970760233918  0.015299877600979204  
 0  0.4398714810281518  0.4245716034271726  0.03654970760233918  0.01657486740106076  
 0  0.44008397932816545  0.45070889432884537  0.03697470420236637  0.016574867401060824  
 0  0.4407214742282062  0.477483680130559  0.038249694002447925  0.017849857201142447  
 0  0.4415714674282606  0.5042584659322725  0.03569971440228481  0.014024887800897582  
 0  0.4407214742282062  0.5310332517339861  0.034849721202230434  0.015299877600979204  
 0  0.44220896232830137  0.5574892900856794  0.03527471780225754  0.01593737250101992  
 0  0.5150958792329661  0.40098429212566294  0.03654970760233918  0.014024887800897582  
 0  0.5155208758329933  0.4287153202774378  0.03569971440228473  0.014662382700938425  
 0  0.5163708690330477  0.45517135862913094  0.03569971440228481  0.015299877600979141  
 0  0.5170083639330886  0.48098990208078335  0.035274717802257625  0.014662382700938425  
 0  0.517858357133143  0.5087209302325582  0.03612471100231191  0.015299877600979204  
 0  0.5184958520331837  0.5339019787841698  0.03484972120223035  0.014662382700938425  
