 0  0.3810094519243847  0.3863219094247246  0.036124711002311995  0.015299877600979204  
 0  0.3822844417244662  0.41245920032639743  0.035274717802257584  0.015299877600979204  
 0  0.3833469332245342  0.43859649122807015  0.0373997008023936  0.01657486740106076  
 0  0.38398442812457506  0.464733782129743  0.036124711002311995  0.015299877600979141  
 0  0.38440942472460216  0.49214606283149737  0.03697470420236637  0.016574867401060824  
 0  0.3846219230246158  0.5179646062831498  0.03654970760233914  0.015937372501019984  
 0  0.45835883312933495  0.2840039779681762  0.03782469740242082  0.014662382700938394  
 0  0.4592088263293894  0.3104600163198694  0.036124711002311995  0.014024887800897582  
 0  0.460483816129471  0.33787229702162386  0.036974704202366454  0.015299877600979204  
 0  0.4602713178294574  0.36400958792329663  0.03569971440228473  0.01657486740106076  
 0  0.46154630762953897  0.39014687882496946  0.03654970760233918  0.016574867401060824  
 0  0.4396589827281382  0.42552784577723374  0.03612471100231191  0.017212362301101604  
 0  0.4398714810281518  0.4513463892288862  0.03654970760233918  0.015299877600979204  
 0  0.4407214742282062  0.47716493268053856  0.03654970760233918  0.015937372501019984  
 0  0.4411464708282334  0.5042584659322725  0.03569971440228481  0.015299877600979204  
 0  0.4417839657282742  0.5303957568339454  0.03527471780225754  0.014024887800897645  
 0  0.44199646402828785  0.5565330477356181  0.03569971440228473  0.014024887800897582  
 0  0.5148833809329526  0.40098429212566294  0.03697470420236637  0.014024887800897582  
 0  0.5153083775329798  0.4283965728274174  0.034424724602203166  0.015299877600979204  
 0  0.5161583707330342  0.45421511627906974  0.036124711002311995  0.014662382700938425  
 0  0.5167958656330749  0.48162739698082413  0.03569971440228481  0.015937372501019984  
 0  0.5176458588331293  0.5084021827825378  0.03569971440228473  0.015937372501019984  
 0  0.5182833537331702  0.534858221134231  0.036124711002311995  0.016574867401060824  
