 0  0.38610941112471103  0.4181966544267646  0.03697470420236637  0.015299877600979204  
 0  0.38759689922480617  0.4443339453284374  0.03484972120223035  0.017849857201142447  
 0  0.3888718890248878  0.4707899836801306  0.03569971440228481  0.015937372501020047  
 0  0.3895093839249286  0.4972460220318238  0.03442472460220321  0.015299877600979204  
 0  0.3905718754249966  0.5230645654834761  0.03569971440228481  0.017212362301101604  
 0  0.391421868625051  0.5501580987352102  0.03654970760233918  0.015299877600979204  
 0  0.4596338229294165  0.284641472868217  0.03697470420236637  0.014662382700938394  
 0  0.4609088127294982  0.3114162586699306  0.03697470420236637  0.015937372501019984  
 0  0.4621838025295798  0.33850979192166464  0.03697470420236637  0.017849857201142447  
 0  0.4628212974296205  0.36400958792329663  0.03654970760233918  0.01657486740106076  
 0  0.4640962872297022  0.391421868625051  0.03654970760233918  0.017849857201142447  
 0  0.4413589691282469  0.42616534067727463  0.036124711002311995  0.015937372501019984  
 0  0.442421460628315  0.45166513667890656  0.03654970760233918  0.015937372501019984  
 0  0.4428464572283422  0.4784399224806202  0.03569971440228481  0.017212362301101604  
 0  0.44369645042839656  0.504577213382293  0.03654970760233918  0.015937372501019984  
 0  0.44433394532843734  0.5316707466340269  0.03697470420236637  0.015299877600979204  
 0  0.44412144702842377  0.5574892900856794  0.03654970760233918  0.017212362301101666  
 0  0.5163708690330477  0.4013030395756834  0.03569971440228481  0.014662382700938425  
 0  0.5172208622331023  0.42903406772745817  0.03484972120223035  0.015299877600979204  
 0  0.5184958520331837  0.4554901060791514  0.03569971440228481  0.015937372501019984  
 0  0.518920848633211  0.482264891880865  0.03569971440228481  0.017212362301101604  
 0  0.519983340133279  0.5084021827825378  0.03527471780225754  0.014662382700938425  
 0  0.5206208350333198  0.533264483884129  0.03654970760233918  0.018487352101183165  
