 0  0.38610941112471103  0.418515401876785  0.035274717802257625  0.014662382700938425  
 0  0.38823439412484706  0.4443339453284374  0.036124711002311995  0.015299877600979204  
 0  0.38844689242486063  0.47142747858017137  0.0373997008023936  0.015937372501019984  
 0  0.3899343805249558  0.4978835169318645  0.035274717802257584  0.017849857201142384  
 0  0.3899343805249558  0.5240208078335373  0.03697470420236641  0.017849857201142384  
 0  0.39120937032503744  0.5495206038351693  0.03697470420236637  0.012749898000815961  
 0  0.45984632122943014  0.28432272541819664  0.03484972120223035  0.015299877600979173  
 0  0.4611213110295118  0.31109751121991025  0.03654970760233918  0.017849857201142447  
 0  0.46175880592955254  0.33850979192166464  0.036124711002311995  0.01657486740106076  
 0  0.46303379572963416  0.36400958792329663  0.03612471100231191  0.017849857201142447  
 0  0.46430878552971583  0.3920593635250918  0.03697470420236637  0.016574867401060824  
 0  0.4417839657282742  0.426484088127295  0.036124711002311995  0.01657486740106076  
 0  0.44242146062831494  0.45230263157894735  0.03484972120223035  0.015937372501019984  
 0  0.44348395212838293  0.4784399224806202  0.035274717802257625  0.017212362301101604  
 0  0.44348395212838293  0.5055334557323541  0.03782469740242074  0.016574867401060824  
 0  0.4439089487284102  0.5316707466340269  0.036124711002311995  0.015299877600979204  
 0  0.44454644362845097  0.5565330477356181  0.03569971440228473  0.015299877600979204  
 0  0.5163708690330477  0.4022592819257446  0.03569971440228481  0.015299877600979141  
 0  0.5170083639330886  0.42903406772745817  0.035274717802257625  0.015299877600979204  
 0  0.517858357133143  0.4554901060791514  0.03527471780225754  0.014662382700938363  
 0  0.5191333469332245  0.4822648918808649  0.035274717802257625  0.015937372501019984  
 0  0.5201958384332926  0.5080834353325173  0.03569971440228473  0.016574867401060824  
 0  0.5204083367333061  0.5351769685842513  0.03612471100231191  0.014662382700938363  
