 0  0.3810094519243847  0.29261015911872706  0.035274717802257584  0.015299877600979141  
 0  0.3831344349245206  0.31938494492044067  0.03782469740242078  0.017849857201142384  
 0  0.3841969264245886  0.34647847817217464  0.03654970760233918  0.015937372501019984  
 0  0.3852594179246566  0.3716595267237862  0.036124711002312036  0.01657486740106076  
 0  0.3858969128246974  0.397796817625459  0.03569971440228481  0.01657486740106076  
 0  0.3867469060247518  0.42520909832721343  0.037399700802393555  0.016574867401060824  
 0  0.4600588195294438  0.2840039779681762  0.036124711002311995  0.017212362301101635  
 0  0.4609088127294982  0.31109751121991025  0.03697470420236637  0.017849857201142447  
 0  0.46154630762953897  0.3391472868217055  0.038249694002447925  0.017849857201142384  
 0  0.4623963008295934  0.3656033251733986  0.037399700802393555  0.018487352101183227  
 0  0.463671290629675  0.3917406160750714  0.03569971440228481  0.018487352101183227  
 0  0.4398714810281518  0.42489035087719296  0.03484972120223035  0.017212362301101604  
 0  0.44050897592819255  0.45262137902896776  0.03697470420236637  0.019124847001224004  
 0  0.4411464708282334  0.47907741738066095  0.03569971440228481  0.015937372501019984  
 0  0.44242146062831494  0.5048959608323134  0.03569971440228473  0.01657486740106076  
 0  0.44348395212838293  0.5310332517339862  0.036124711002311995  0.016574867401060824  
 0  0.4443339453284374  0.5565330477356181  0.03782469740242082  0.017849857201142322  
 0  0.5106334149326806  0.28177274581803347  0.03782469740242082  0.017849857201142415  
 0  0.512545899632803  0.3082287841697266  0.03824969400244801  0.017212362301101604  
 0  0.5136083911328709  0.3362785597715218  0.036124711002311995  0.015937372501019984  
 0  0.5148833809329526  0.3630533455732354  0.03697470420236637  0.015937372501020047  
 0  0.5163708690330477  0.3885531415748674  0.03654970760233918  0.015937372501020047  
 0  0.5172208622331022  0.4159654222766218  0.03569971440228481  0.015937372501020047  
