 0  0.3816469468244254  0.29261015911872706  0.03654970760233914  0.015299877600979141  
 0  0.3827094383244934  0.31874745002039984  0.03697470420236641  0.01657486740106076  
 0  0.38398442812457506  0.3471159730722154  0.036124711002311995  0.017212362301101604  
 0  0.38568441452468377  0.37134077927376585  0.035274717802257625  0.015937372501019984  
 0  0.38653440772473824  0.39811556507547935  0.035274717802257584  0.015937372501019984  
 0  0.38610941112471103  0.4242528559771522  0.03697470420236637  0.018487352101183227  
 0  0.460483816129471  0.2846414728682171  0.03612471100231191  0.015937372501020015  
 0  0.460483816129471  0.31109751121991025  0.03782469740242082  0.01657486740106076  
 0  0.46197130422956617  0.33787229702162386  0.03654970760233918  0.015299877600979204  
 0  0.4623963008295934  0.3652845777233782  0.03654970760233918  0.017849857201142384  
 0  0.4634587923296614  0.3917406160750714  0.036124711002311995  0.018487352101183227  
 0  0.4398714810281518  0.4258465932272542  0.03739970080239364  0.016574867401060824  
 0  0.4407214742282062  0.45230263157894735  0.03654970760233918  0.015937372501019984  
 0  0.44220896232830137  0.47939616483068137  0.036974704202366454  0.015299877600979204  
 0  0.44199646402828774  0.5052147082823338  0.03654970760233918  0.017212362301101604  
 0  0.44305895552835584  0.5310332517339861  0.03697470420236637  0.019124847001224004  
 0  0.44497144022847823  0.5571705426356589  0.03654970760233918  0.019124847001224004  
 0  0.5106334149326806  0.28209149326805383  0.03527471780225754  0.015937372501019984  
 0  0.5123334013327893  0.30886627906976744  0.03697470420236637  0.015937372501019984  
 0  0.5133958928328572  0.335641064871481  0.03824969400244801  0.019762341901264847  
 0  0.5146708826329389  0.3624158506731946  0.037399700802393555  0.017212362301101604  
 0  0.5161583707330342  0.38791564667482664  0.035274717802257625  0.017212362301101604  
 0  0.5176458588331293  0.4156466748266014  0.03739970080239364  0.021674826601387184  
