 0  0.37059703522371823  0.2859164626682987  0.03484972120223039  0.015937372501019984  
 0  0.371234530123759  0.3126912484700123  0.03612471100231195  0.014662382700938425  
 0  0.371234530123759  0.3391472868217055  0.03612471100231195  0.016574867401060824  
 0  0.3716595267237862  0.3646470828233374  0.03697470420236641  0.016574867401060824  
 0  0.37187202502379985  0.39078437372501024  0.0373997008023936  0.015299877600979204  
 0  0.37229702162382705  0.41755915952672384  0.03654970760233922  0.016574867401060824  
 0  0.44858391132870934  0.28209149326805383  0.036124711002311995  0.015937372501019984  
 0  0.44858391132870934  0.30886627906976744  0.036124711002311995  0.018487352101183227  
 0  0.4494339045287637  0.335641064871481  0.035274717802257625  0.017212362301101604  
 0  0.44837141302869576  0.3614596083231334  0.03654970760233918  0.016574867401060824  
 0  0.4490089079287366  0.38887188902488784  0.036124711002311995  0.015299877600979204  
 0  0.4249966000271998  0.42170287637698894  0.037399700802393555  0.015937372501020047  
 0  0.42584659322725416  0.44784016727866177  0.03569971440228481  0.015937372501019984  
 0  0.4260590915272678  0.47429620563035496  0.03527471780225754  0.014024887800897582  
 0  0.4260590915272678  0.5017084863321093  0.034424724602203166  0.014024887800897582  
 0  0.4271215830273358  0.5272082823337414  0.03569971440228481  0.016574867401060824  
 0  0.42733408132734935  0.5536643206854346  0.035274717802257625  0.014662382700938425  
 0  0.5063834489324085  0.34265350877192985  0.035274717802257625  0.014662382700938425  
 0  0.5068084455324358  0.3697470420236638  0.036124711002311995  0.015299877600979204  
 0  0.5087209302325582  0.3958843329253366  0.03569971440228481  0.014024887800897582  
 0  0.5091459268325853  0.4236153610771114  0.03569971440228481  0.014662382700938363  
 0  0.5099959200326398  0.4500713994288046  0.03484972120223035  0.014024887800897645  
 0  0.5104209166326669  0.47620869033047736  0.03569971440228473  0.015299877600979204  
