 0  0.36995954032367745  0.28559771521827826  0.036124711002311995  0.015299877600979204  
 0  0.3703845369237046  0.3126912484700123  0.036124711002311995  0.015937372501019984  
 0  0.3710220318237454  0.338828539371685  0.03569971440228477  0.015937372501019984  
 0  0.3718720250237998  0.3656033251733986  0.03569971440228477  0.013387392900856804  
 0  0.37229702162382705  0.391421868625051  0.03569971440228481  0.015299877600979204  
 0  0.3720845233238134  0.41724041207670337  0.03527471780225754  0.014662382700938425  
 0  0.44837141302869576  0.28177274581803347  0.03654970760233918  0.015299877600979204  
 0  0.44837141302869576  0.3085475316197471  0.03654970760233918  0.015299877600979204  
 0  0.44858391132870934  0.3353223174214606  0.03442472460220325  0.015299877600979204  
 0  0.4492214062287502  0.3617783557731538  0.03569971440228481  0.017212362301101604  
 0  0.449858901128791  0.388234394124847  0.03697470420236637  0.016574867401060824  
 0  0.4252090983272134  0.42106538147694816  0.03697470420236637  0.014662382700938425  
 0  0.42605909152726773  0.44847766217870255  0.036124711002311995  0.015937372501019984  
 0  0.4260590915272678  0.47397745818033454  0.03527471780225754  0.015937372501019984  
 0  0.426484088127295  0.5004334965320277  0.03612471100231191  0.016574867401060824  
 0  0.4266965864273086  0.5272082823337413  0.03739970080239364  0.015299877600979204  
 0  0.5065959472324222  0.34265350877192985  0.03654970760233918  0.014662382700938425  
 0  0.5072334421324629  0.3681533047735618  0.036124711002311995  0.014662382700938425  
 0  0.508295933632531  0.39620308037535706  0.03569971440228481  0.015937372501020047  
 0  0.5085084319325445  0.42297786617707056  0.036124711002311995  0.014662382700938425  
 0  0.5095709234326126  0.4494339045287638  0.03569971440228481  0.015299877600979204  
 0  0.5097834217326261  0.47588994288045694  0.03527471780225754  0.014662382700938425  
 0  0.4271215830273358  0.5536643206854346  0.03569971440228481  0.01593737250101992  
