 0  0.3688970488236094  0.364328335373317  0.03569971440228477  0.014662382700938425  
 0  0.3697470420236638  0.39014687882496946  0.03654970760233922  0.016574867401060824  
 0  0.3710220318237454  0.41724041207670337  0.03654970760233918  0.015937372501019984  
 0  0.3716595267237862  0.4443339453284374  0.03612471100231195  0.015299877600979204  
 0  0.3716595267237862  0.4688774989800082  0.03697470420236641  0.015937372501019984  
 0  0.3716595267237862  0.4962897796817626  0.03612471100231195  0.015937372501019984  
 0  0.44879640962872297  0.28145399836801305  0.037399700802393555  0.015937372501020015  
 0  0.449858901128791  0.3075912892696858  0.03697470420236637  0.015937372501019984  
 0  0.4490089079287366  0.3350035699714402  0.035274717802257625  0.015937372501019984  
 0  0.4494339045287637  0.3614596083231334  0.035274717802257625  0.016574867401060824  
 0  0.4494339045287637  0.3875968992248062  0.035274717802257625  0.01657486740106076  
 0  0.425421596627227  0.4220216238270094  0.037399700802393555  0.017849857201142384  
 0  0.4266965864273086  0.4481589147286822  0.03739970080239364  0.017849857201142447  
 0  0.42605909152726773  0.47429620563035496  0.036124711002311995  0.016574867401060824  
 0  0.42690908472732225  0.5017084863321093  0.036124711002311995  0.015299877600979204  
 0  0.427546579627363  0.5272082823337414  0.03569971440228481  0.017849857201142384  
 0  0.4277590779273766  0.5536643206854346  0.03697470420236637  0.017212362301101604  
 0  0.5025584795321637  0.3480722154222766  0.03697470420236637  0.017849857201142384  
 0  0.502983476132191  0.3751657486740106  0.03697470420236637  0.017212362301101604  
 0  0.5025584795321637  0.4022592819257446  0.03782469740242082  0.016574867401060824  
 0  0.5036209710322318  0.4283965728274174  0.03654970760233918  0.01657486740106076  
 0  0.5044709642322861  0.45517135862913094  0.03569971440228481  0.016574867401060824  
 0  0.5042584659322725  0.48130864953080377  0.034424724602203166  0.015299877600979204  
