 0  0.36910954712362304  0.36400958792329663  0.03697470420236641  0.015299877600979204  
 0  0.370172038623691  0.391421868625051  0.034849721202230434  0.014024887800897645  
 0  0.371234530123759  0.41755915952672384  0.03612471100231195  0.016574867401060824  
 0  0.371234530123759  0.44369645042839656  0.035274717802257584  0.016574867401060824  
 0  0.3716595267237862  0.46951499388004897  0.035274717802257584  0.015937372501019984  
 0  0.37250951992384057  0.4962897796817625  0.034424724602203166  0.014662382700938363  
 0  0.44858391132870934  0.28177274581803347  0.035274717802257625  0.016574867401060792  
 0  0.4490089079287366  0.3082287841697266  0.035274717802257625  0.015937372501020047  
 0  0.4492214062287502  0.335641064871481  0.03569971440228481  0.018487352101183165  
 0  0.449858901128791  0.3624158506731946  0.03697470420236637  0.018487352101183227  
 0  0.449858901128791  0.38887188902488784  0.036124711002311995  0.015299877600979204  
 0  0.42563409492724064  0.4220216238270094  0.035274717802257625  0.015299877600979204  
 0  0.426484088127295  0.44784016727866177  0.03527471780225754  0.017212362301101604  
 0  0.42627158982728136  0.47429620563035496  0.03569971440228473  0.015299877600979204  
 0  0.4269090847273222  0.5013897388820889  0.03527471780225754  0.015937372501019984  
 0  0.4271215830273357  0.5275270297837618  0.03484972120223035  0.015937372501020047  
 0  0.4271215830273358  0.5536643206854346  0.03569971440228481  0.01593737250101992  
 0  0.501920984632123  0.34839096287229704  0.03569971440228473  0.013387392900856741  
 0  0.502983476132191  0.375484496124031  0.036124711002311995  0.01657486740106076  
 0  0.5036209710322318  0.4022592819257446  0.03569971440228481  0.014024887800897582  
 0  0.5038334693322454  0.4293528151774786  0.03442472460220325  0.014662382700938363  
 0  0.5046834625322998  0.4554901060791514  0.03527471780225754  0.015937372501019984  
 0  0.5042584659322725  0.48258363933088533  0.035274717802257625  0.015299877600979141  
