 0  0.35518818413555253  0.31629554655870445  0.03654970760233918  0.01686909581646421  
 0  0.35495389113810166  0.34230206927575346  0.03701829359724096  0.01827485380116961  
 0  0.3556567701304543  0.3690114709851552  0.03748687959214278  0.01827485380116961  
 0  0.35635964912280704  0.3946665542060279  0.037955465587044525  0.01757197480881694  
 0  0.35635964912280704  0.42137595591542965  0.037955465587044525  0.018977732793522283  
 0  0.3561253561253561  0.44773391812865493  0.03748687959214274  0.018274853801169548  
 0  0.4289904783325836  0.18274853801169588  0.037955465587044525  0.019680611785874953  
 0  0.42992765032238717  0.210863697705803  0.03701829359724096  0.01827485380116958  
 0  0.42992765032238717  0.23651878092667564  0.038892637576848084  0.01757197480881691  
 0  0.43016194331983804  0.26428250112460633  0.038424051581946304  0.01827485380116958  
 0  0.4308648223121907  0.2902890238416554  0.037955465587044525  0.01686909581646421  
 0  0.43063052931473983  0.31734986504723345  0.03654970760233918  0.01616621682411154  
 0  0.4308648223121907  0.34616790373369316  0.0360811216074374  0.01616621682411154  
 0  0.4313334083070925  0.37252586594691856  0.03701829359724096  0.015463337831758869  
 0  0.4318019943019943  0.3985323886639676  0.037955465587044525  0.015463337831758869  
 0  0.4315677013045434  0.42524179037336934  0.03654970760233918  0.01827485380116961  
 0  0.4313334083070925  0.45230263157894735  0.03701829359724096  0.01616621682411154  
 0  0.4313334083070925  0.48041779127305445  0.037955465587044525  0.01757197480881688  
 0  0.4313334083070925  0.5057214349977508  0.03701829359724096  0.01757197480881694  
 0  0.43203628729944515  0.5324308367071525  0.03748687959214274  0.01757197480881694  
 0  0.4313334083070925  0.5591402384165541  0.03701829359724096  0.01757197480881688  
 0  0.4318019943019943  0.5840924426450741  0.037955465587044525  0.01686909581646421  
 0  0.4315677013045434  0.6104504048582996  0.038424051581946304  0.01897773279352222  
