 0  0.35518818413555253  0.31629554655870445  0.03654970760233918  0.01686909581646421  
 0  0.3551881841355526  0.3433563877642825  0.03561253561253558  0.01616621682411154  
 0  0.3556567701304543  0.3693629104813315  0.03748687959214278  0.01757197480881694  
 0  0.35635964912280704  0.3953694331983806  0.0360811216074374  0.01757197480881694  
 0  0.3565939421202579  0.42243027440395864  0.03748687959214274  0.01827485380116961  
 0  0.3568282351177088  0.44808535762483126  0.03701829359724096  0.01616621682411154  
 0  0.4287561853351327  0.18309997750787227  0.03748687959214274  0.01616621682411157  
 0  0.4292247713300345  0.20980937921727394  0.03748687959214274  0.01757197480881694  
 0  0.43016194331983804  0.23651878092667564  0.03654970760233918  0.01757197480881691  
 0  0.42992765032238717  0.26393106162843  0.03701829359724096  0.01757197480881691  
 0  0.43016194331983804  0.2902890238416554  0.03561253561253562  0.01686909581646421  
 0  0.4313334083070925  0.3169984255510571  0.0360811216074374  0.01686909581646421  
 0  0.4308648223121907  0.34616790373369316  0.03514394961763384  0.01616621682411154  
 0  0.4318019943019943  0.37252586594691856  0.0360811216074374  0.018274853801169548  
 0  0.4313334083070925  0.3995867071524966  0.0360811216074374  0.01616621682411154  
 0  0.4315677013045434  0.425944669365722  0.03654970760233918  0.015463337831758869  
 0  0.4310991153096416  0.4526540710751237  0.03467536362273206  0.015463337831758869  
 0  0.43203628729944515  0.4793634727845254  0.03654970760233918  0.016869095816464272  
 0  0.4315677013045434  0.5067757534862798  0.03561253561253562  0.01827485380116961  
 0  0.4310991153096416  0.5320793972109762  0.03654970760233918  0.016869095816464272  
 0  0.43063052931473983  0.5584373594242015  0.03561253561253562  0.01616621682411154  
 0  0.4315677013045434  0.5844438821412506  0.03561253561253562  0.01616621682411154  
 0  0.4318019943019943  0.6104504048582996  0.0360811216074374  0.01897773279352222  
