 0  0.4266475483580747  0.18380285650022493  0.03701829359724104  0.01616621682411157  
 0  0.4282875993402309  0.21191801619433198  0.03748687959214274  0.01616621682411157  
 0  0.4278190133453291  0.23897885739991004  0.03748687959214274  0.01686909581646424  
 0  0.42852189233768184  0.26568825910931176  0.03701829359724096  0.01686909581646424  
 0  0.4294590643274854  0.29239766081871343  0.037955465587044525  0.016869095816464272  
 0  0.43063052931473983  0.3180527440395861  0.039361223571749863  0.018977732793522283  
 0  0.43016194331983804  0.3482765407107512  0.03748687959214274  0.01757197480881694  
 0  0.4310991153096416  0.37498594242015293  0.03748687959214274  0.016166216824111602  
 0  0.4313334083070925  0.40204678362573093  0.03701829359724096  0.015463337831758931  
 0  0.43203628729944515  0.4284047458389563  0.03654970760233918  0.01757197480881694  
 0  0.4322705802968961  0.45511414754835805  0.0360811216074374  0.014760458839406198  
 0  0.43250487329434695  0.4832293072424651  0.03561253561253562  0.01757197480881694  
 0  0.4327391662917978  0.5099387089518668  0.03514394961763384  0.01616621682411154  
 0  0.4332077522866996  0.5359452316689158  0.0360811216074374  0.01757197480881688  
 0  0.4336763382816014  0.5619517543859649  0.0360811216074374  0.016166216824111478  
 0  0.4332077522866996  0.5876068376068375  0.0360811216074374  0.015463337831758869  
 0  0.4336763382816014  0.613964799820063  0.037955465587044525  0.014760458839406198  
 0  0.5070100464837306  0.3120782726045884  0.03654970760233918  0.016869095816464272  
 0  0.5063071674913779  0.33984199280251914  0.03514394961763384  0.016166216824111602  
 0  0.5072443394811815  0.36584851551956815  0.03701829359724096  0.01616621682411154  
 0  0.5074786324786325  0.3922064777327935  0.03654970760233918  0.018274853801169548  
 0  0.5070100464837306  0.41926731893837155  0.03654970760233918  0.01616621682411154  
 0  0.5072443394811815  0.44527384165542055  0.037955465587044525  0.018977732793522283  
