 0  0.42711613435297646  0.18556005398110662  0.03701829359724096  0.015463337831758869  
 0  0.42805330634278005  0.21156657669815565  0.03701829359724096  0.0154633378317589  
 0  0.4289904783325836  0.23897885739991004  0.03701829359724096  0.01686909581646424  
 0  0.4287561853351327  0.2653368196131354  0.03748687959214274  0.014760458839406198  
 0  0.42992765032238717  0.29204622132253705  0.037955465587044525  0.01757197480881694  
 0  0.43016194331983804  0.3187556230319388  0.03748687959214274  0.01757197480881694  
 0  0.43063052931473983  0.3486279802069276  0.03654970760233918  0.015463337831758869  
 0  0.43039623631728896  0.3739316239316239  0.038892637576848084  0.01827485380116961  
 0  0.4310991153096416  0.40134390463337827  0.03748687959214274  0.015463337831758869  
 0  0.4315677013045434  0.42805330634278  0.03654970760233918  0.015463337831758869  
 0  0.4327391662917978  0.45511414754835805  0.03701829359724096  0.013354700854700858  
 0  0.4322705802968961  0.4832293072424651  0.0360811216074374  0.01757197480881694  
 0  0.4327391662917978  0.5099387089518668  0.03514394961763384  0.01616621682411154  
 0  0.4327391662917978  0.5355937921727395  0.03701829359724096  0.01686909581646421  
 0  0.4336763382816014  0.5619517543859649  0.0360811216074374  0.016166216824111478  
 0  0.4327391662917978  0.587958277103014  0.03514394961763384  0.01757197480881688  
 0  0.43344204528415053  0.6136133603238866  0.03654970760233918  0.01686909581646421  
 0  0.5056042884990253  0.3124297121007647  0.03654970760233918  0.014760458839406198  
 0  0.5070100464837306  0.3401934322986955  0.03654970760233918  0.016869095816464272  
 0  0.5065414604888289  0.36549707602339176  0.03748687959214274  0.018274853801169548  
 0  0.5070100464837306  0.39150359874044083  0.03748687959214274  0.018274853801169548  
 0  0.5072443394811815  0.41926731893837155  0.03701829359724096  0.01616621682411154  
 0  0.5081815114709851  0.4449224021592442  0.0360811216074374  0.016869095816464272  
