 0  0.3514394961763383  0.33457040035987407  0.03561253561253562  0.015463337831758869  
 0  0.3528452541610436  0.36127980206927574  0.03654970760233918  0.014057579847053591  
 0  0.3540167191482981  0.38728632478632474  0.03514394961763384  0.016869095816464272  
 0  0.35471959814065074  0.41258996851102114  0.03654970760233918  0.01686909581646421  
 0  0.35495389113810166  0.44000224921277553  0.0360811216074374  0.018274853801169548  
 0  0.35518818413555253  0.46600877192982454  0.03654970760233918  0.01827485380116961  
 0  0.42641325536062374  0.18485717498875393  0.03842405158194639  0.01686909581646424  
 0  0.42758472034787826  0.2122694556905083  0.03701829359724096  0.01686909581646424  
 0  0.42852189233768184  0.23827597840755738  0.038892637576848084  0.01686909581646424  
 0  0.4287561853351327  0.2663911381016644  0.03561253561253562  0.01686909581646424  
 0  0.4289904783325836  0.29274910031488977  0.03701829359724096  0.01757197480881694  
 0  0.43016194331983804  0.3187556230319388  0.03748687959214274  0.016166216824111602  
 0  0.43039623631728896  0.3489794197031039  0.0360811216074374  0.01616621682411154  
 0  0.4308648223121907  0.37533738191632926  0.0360811216074374  0.015463337831758931  
 0  0.4313334083070925  0.40274966261808365  0.03514394961763384  0.015463337831758931  
 0  0.4322705802968961  0.4284047458389563  0.03701829359724096  0.01757197480881694  
 0  0.4322705802968961  0.45511414754835805  0.0360811216074374  0.01616621682411154  
 0  0.43297345928924874  0.48252642825011244  0.03654970760233918  0.01757197480881688  
 0  0.43250487329434695  0.5092358299595141  0.03654970760233918  0.01616621682411154  
 0  0.43297345928924874  0.5369995501574448  0.03561253561253562  0.015463337831758869  
 0  0.4332077522866996  0.5619517543859649  0.0360811216074374  0.016166216824111478  
 0  0.4341449242765032  0.5883097165991902  0.03701829359724096  0.01686909581646421  
 0  0.4339106312790523  0.6136133603238866  0.03561253561253562  0.01686909581646421  
