 0  0.35167378917378916  0.334570400359874  0.0360811216074374  0.01827485380116961  
 0  0.3523766681661418  0.3626855600539811  0.03561253561253562  0.015463337831758869  
 0  0.3537824261508472  0.38834064327485374  0.03748687959214274  0.016166216824111602  
 0  0.35425101214574894  0.4132928475033738  0.03654970760233918  0.014057579847053529  
 0  0.35471959814065074  0.4407051282051282  0.03561253561253562  0.015463337831758869  
 0  0.35542247713300346  0.46600877192982454  0.03608112160743736  0.01686909581646421  
 0  0.4268818413555255  0.1845057354925776  0.03748687959214282  0.01476045883940623  
 0  0.4282875993402309  0.21156657669815565  0.03654970760233918  0.01686909581646424  
 0  0.42852189233768184  0.2386274179037337  0.0360811216074374  0.01757197480881691  
 0  0.4289904783325836  0.2660396986054881  0.03701829359724096  0.01757197480881691  
 0  0.4294590643274854  0.2913433423301844  0.038892637576848084  0.01757197480881694  
 0  0.43016194331983804  0.3191070625281151  0.03654970760233918  0.015463337831758931  
 0  0.43063052931473983  0.34862798020692753  0.03654970760233918  0.016869095816464272  
 0  0.4315677013045434  0.3742830634278002  0.03748687959214274  0.01757197480881694  
 0  0.4310991153096416  0.40239822312190726  0.03654970760233918  0.016166216824111602  
 0  0.4318019943019943  0.42875618533513266  0.037955465587044525  0.01827485380116961  
 0  0.4327391662917978  0.4544112685560054  0.0360811216074374  0.01616621682411154  
 0  0.43297345928924874  0.4832293072424651  0.03561253561253562  0.01616621682411154  
 0  0.4336763382816014  0.5092358299595141  0.03701829359724096  0.01757197480881688  
 0  0.4327391662917978  0.5355937921727395  0.03514394961763384  0.01686909581646421  
 0  0.4336763382816014  0.5623031938821412  0.03514394961763384  0.015463337831758807  
 0  0.4336763382816014  0.5876068376068375  0.0360811216074374  0.015463337831758869  
 0  0.43437921727395407  0.6136133603238866  0.03561253561253562  0.015463337831758869  
