 0  0.351047191622467  0.3066350469196247  0.03484972120223035  0.015299877600979204  
 0  0.35210968312253504  0.334047327621379  0.036124711002311995  0.016574867401060824  
 0  0.35444716442268465  0.3605033659730722  0.03654970760233918  0.015937372501019984  
 0  0.35550965592275263  0.3860031619747042  0.035274717802257584  0.015937372501019984  
 0  0.35593465252277984  0.412140452876377  0.035274717802257584  0.017212362301101604  
 0  0.35784713722290223  0.43795899632802937  0.038249694002447925  0.019124847001224004  
 0  0.4271215830273358  0.18487352101183188  0.03654970760233918  0.016574867401060792  
 0  0.4279715762273902  0.2110108119135047  0.03569971440228481  0.017849857201142384  
 0  0.42818407452740376  0.2387418400652795  0.03782469740242074  0.017212362301101604  
 0  0.42882156942744454  0.2655166258669931  0.03654970760233918  0.018487352101183196  
 0  0.43030905752753973  0.2919726642186863  0.036124711002311995  0.017849857201142384  
 0  0.42988406092751263  0.3187474500203998  0.036124711002311995  0.017849857201142384  
 0  0.43030905752753973  0.3490284577723379  0.03697470420236637  0.018487352101183165  
 0  0.4315840473276214  0.37516574867401065  0.036124711002311995  0.015937372501019984  
 0  0.43115905072759414  0.4013030395756834  0.036124711002311995  0.015937372501019984  
 0  0.4322215422276621  0.42775907792737655  0.03569971440228473  0.017849857201142384  
 0  0.43243404052767576  0.45517135862913094  0.03697470420236637  0.017849857201142384  
 0  0.5063834489324085  0.3678345573235414  0.036124711002311995  0.019124847001224004  
 0  0.5072334421324629  0.3958843329253366  0.036124711002311995  0.014024887800897582  
 0  0.5076584387324902  0.4223403712770298  0.03527471780225754  0.015937372501019984  
 0  0.5089334285325718  0.4481589147286822  0.036124711002311995  0.01657486740106076  
 0  0.5091459268325853  0.4746149530803754  0.03654970760233918  0.017212362301101604  
 0  0.5099959200326397  0.5020272337821298  0.03654970760233918  0.015937372501020047  
