 0  0.351047191622467  0.30631629946960426  0.03654970760233918  0.015937372501020047  
 0  0.35295967632258946  0.3330910852713178  0.03697470420236641  0.015937372501019984  
 0  0.354234666122671  0.35954712362301106  0.035274717802257584  0.016574867401060824  
 0  0.35550965592275263  0.38504691962464305  0.03612471100231195  0.01657486740106076  
 0  0.3557221542227662  0.412140452876377  0.03569971440228477  0.015937372501019984  
 0  0.35742214062287503  0.4382777437780498  0.03654970760233918  0.015937372501019984  
 0  0.4266965864273086  0.1842360261117911  0.03569971440228473  0.016574867401060792  
 0  0.4279715762273902  0.2113295593635251  0.03654970760233918  0.017212362301101604  
 0  0.4283965728274174  0.23937933496532027  0.03569971440228481  0.017212362301101573  
 0  0.42818407452740376  0.26551662586699304  0.036124711002311995  0.019762341901264784  
 0  0.42988406092751263  0.2929289065687475  0.03697470420236637  0.015937372501019984  
 0  0.43030905752753973  0.31874745002039984  0.036124711002311995  0.015299877600979204  
 0  0.43094655242758056  0.3490284577723378  0.03654970760233918  0.015937372501019984  
 0  0.43030905752753973  0.3751657486740106  0.03697470420236637  0.014662382700938363  
 0  0.43115905072759414  0.4016217870257038  0.035274717802257625  0.015299877600979204  
 0  0.43094655242758056  0.4287153202774378  0.03569971440228481  0.015937372501019984  
 0  0.4322215422276621  0.45517135862913094  0.03824969400244801  0.017849857201142384  
 0  0.5059584523323813  0.3684720522235822  0.036124711002311995  0.016574867401060824  
 0  0.5065959472324222  0.3955655854753162  0.03654970760233918  0.015937372501019984  
 0  0.5074459404324765  0.4220216238270094  0.03654970760233918  0.016574867401060824  
 0  0.5078709370325037  0.44879640962872297  0.03739970080239364  0.015299877600979204  
 0  0.5091459268325854  0.4746149530803754  0.03399972800217598  0.013387392900856804  
 0  0.5091459268325853  0.5013897388820889  0.034849721202230434  0.015937372501019984  
