 0  0.38752061778377567  0.2449533288349078  0.04029839556155342  0.01757197480881691  
 0  0.388926375768481  0.2741228070175439  0.040298395561553506  0.01827485380116958  
 0  0.38916066876593197  0.30469804318488525  0.039829809566651685  0.018977732793522283  
 0  0.38962925476083377  0.33386752136752135  0.040766981556455244  0.01827485380116961  
 0  0.3900978407557355  0.3630369995501574  0.038892637576848126  0.01757197480881694  
 0  0.3903321337531864  0.39255791722896993  0.040298395561553464  0.020383490778227622  
 0  0.3903321337531864  0.48709514170040485  0.040298395561553464  0.015463337831758869  
 0  0.3915035987404409  0.5145074224021592  0.0417041535462588  0.02108636977058029  
 0  0.3931436497225971  0.5429740215924427  0.039361223571749905  0.01757197480881688  
 0  0.39408082171240066  0.5739006972559603  0.039361223571749863  0.01757197480881688  
 0  0.3950179937022042  0.6030701754385965  0.04123556755135698  0.018274853801169548  
 0  0.4742090268406058  0.24214181286549705  0.04029839556155342  0.01757197480881691  
 0  0.47491190583295845  0.2713112910481332  0.038892637576848084  0.01827485380116961  
 0  0.4746776128355076  0.30118364822312194  0.039361223571749863  0.01757197480881688  
 0  0.47491190583295845  0.33105600539811064  0.038892637576848084  0.018274853801169548  
 0  0.4756147848253111  0.36092836257309935  0.04029839556155342  0.01757197480881694  
 0  0.47584907782276203  0.3897464012595591  0.03982980956665164  0.01757197480881694  
 0  0.4805349377717799  0.4449224021592442  0.039829809566651726  0.022492127755285633  
 0  0.4805349377717799  0.47549763832658565  0.03889263757684817  0.01757197480881688  
 0  0.4812378167641325  0.5046671165092218  0.03936122357174995  0.01827485380116961  
 0  0.48147210976158344  0.5341880341880342  0.040766981556455285  0.016869095816464272  
 0  0.48194069575648524  0.5623031938821412  0.039829809566651726  0.018274853801169673  
 0  0.4828778677462888  0.5918241115609536  0.038892637576848084  0.019680611785875015  
