 0  0.38810018467220686  0.24526777469990765  0.04135887965527854  0.018755771006463532  
 0  0.47418436441982154  0.24238227146814403  0.03943521083410278  0.018755771006463532  
 0  0.38810018467220686  0.27484418282548473  0.0403970452446907  0.01731301939058168  
 0  0.38930247768544163  0.3047812788550323  0.04183979686057254  0.01947714681440447  
 0  0.3902643120960296  0.3325542474607571  0.0418397968605725  0.018755771006463532  
 0  0.3902643120960296  0.3628520313942752  0.04087796244998462  0.018755771006463532  
 0  0.3907452293013235  0.39242843951985223  0.0389542936288089  0.015870267774699954  
 0  0.4749057402277624  0.2715979916897507  0.03895429362880886  0.01803439519852262  
 0  0.47514619883040937  0.30081371191135736  0.03847337642351486  0.017313019390581774  
 0  0.47514619883040937  0.3307508079409049  0.03943521083410286  0.01803439519852259  
 0  0.4749057402277624  0.36104859187442284  0.04087796244998462  0.01803439519852265  
 0  0.4753866574330563  0.3902643120960296  0.03799245921822094  0.01587026777469989  
 0  0.3912261465066174  0.48620729455216993  0.0389542936288089  0.017313019390581712  
 0  0.39146660510926434  0.515062326869806  0.03943521083410282  0.018755771006463532  
 0  0.394111649738381  0.5449994228993537  0.04087796244998458  0.01947714681440447  
 0  0.4813981224992305  0.4461709372114496  0.03943521083410278  0.01947714681440441  
 0  0.48091720529393656  0.4757473453370268  0.03943521083410278  0.01803439519852265  
 0  0.4813981224992305  0.5042416897506925  0.03943521083410278  0.018755771006463532  
 0  0.4816385811018774  0.5334574099722992  0.03895429362880886  0.01947714681440441  
 0  0.4813981224992305  0.5630338180978762  0.03943521083410278  0.01947714681440441  
 0  0.39435210834102796  0.5734937673130195  0.03943521083410278  0.017313019390581712  
 0  0.39531394275161585  0.602709487534626  0.0403970452446907  0.01947714681440447  
 0  0.48235995690981837  0.5911674746075715  0.03943521083410286  0.01803439519852259  
