 0  0.3879892037786774  0.2442504498425551  0.04029839556155342  0.01757197480881694  
 0  0.3884577897735792  0.2744742465137202  0.041235567551357065  0.02038349077822759  
 0  0.388926375768481  0.3039951641925326  0.041235567551357065  0.020383490778227622  
 0  0.3900978407557355  0.3328132028789923  0.040766981556455244  0.020383490778227622  
 0  0.3903321337531864  0.3633884390463338  0.039361223571749905  0.01686909581646421  
 0  0.3903321337531864  0.3922064777327935  0.040298395561553464  0.018274853801169548  
 0  0.39080071974808817  0.48639226270805214  0.04123556755135702  0.01827485380116961  
 0  0.3919721847353426  0.5141559829059829  0.040766981556455244  0.018977732793522283  
 0  0.3931436497225971  0.5447312190733243  0.040298395561553464  0.01827485380116961  
 0  0.3947837007047533  0.5742521367521367  0.0407669815564552  0.01968061178587489  
 0  0.3959551656920078  0.6023672964462439  0.04029839556155342  0.018274853801169548  
 0  0.4721003898635477  0.3967751911830859  0.040766981556455285  0.021789248762932964  
 0  0.47233468286099867  0.42664754835807467  0.040298395561553506  0.01968061178587489  
 0  0.47280326885590046  0.4554655870445344  0.03936122357174995  0.01686909581646421  
 0  0.47350614784825307  0.4842836257309941  0.040766981556455285  0.016869095816464272  
 0  0.4742090268406058  0.5138045434098065  0.039361223571749863  0.019680611785874953  
 0  0.4742090268406058  0.5429740215924427  0.04029839556155342  0.01897773279352222  
 0  0.5538686459739091  0.39326079622132254  0.040298395561553506  0.01757197480881688  
 0  0.5541029389713601  0.4231331533963113  0.03889263757684817  0.01827485380116961  
 0  0.5548058179637126  0.45230263157894735  0.03936122357174995  0.01757197480881694  
 0  0.5552744039586144  0.4811206702654071  0.03936122357174995  0.01616621682411154  
 0  0.556211575948418  0.5099387089518668  0.03936122357174995  0.01757197480881688  
 0  0.5571487479382216  0.5401625056230319  0.041235567551357065  0.01757197480881694  
