 0  0.3840062228220123  0.39361223571749887  0.039829809566651685  0.01686909581646421  
 0  0.38517768780926676  0.4231331533963113  0.039361223571749863  0.016869095816464272  
 0  0.3870520317888739  0.45124831309041835  0.04123556755135698  0.01827485380116961  
 0  0.3884577897735792  0.47971491228070173  0.041235567551357065  0.018977732793522283  
 0  0.3886920827710302  0.5092358299595141  0.041704153546258844  0.01897773279352222  
 0  0.3903321337531864  0.5384053081421503  0.038424051581946346  0.01686909581646421  
 0  0.46483730694257  0.29872357174988756  0.040298395561553506  0.01827485380116961  
 0  0.46624306492727546  0.329298807917229  0.04029839556155342  0.01757197480881688  
 0  0.4669459439196281  0.3570625281151597  0.0407669815564552  0.01686909581646421  
 0  0.46835170190433345  0.3879892037786774  0.0407669815564552  0.016869095816464272  
 0  0.4690545808966861  0.41610436347278446  0.039361223571749863  0.01827485380116961  
 0  0.47022604588394057  0.44667959964012593  0.0407669815564552  0.01897773279352222  
 0  0.4725689758584495  0.48041779127305445  0.040766981556455285  0.018977732793522283  
 0  0.4742090268406058  0.5092358299595141  0.04029839556155342  0.01757197480881688  
 0  0.47538049182786024  0.5377024291497975  0.038892637576848084  0.02108636977058029  
 0  0.4765519568151147  0.5679262258209626  0.039361223571749863  0.01827485380116961  
 0  0.47795771479982  0.5953385065227171  0.039361223571749863  0.02108636977058023  
 0  0.5512914230019493  0.4196187584345479  0.038892637576848084  0.018274853801169548  
 0  0.5524628879892037  0.44843679712100765  0.039361223571749863  0.01686909581646421  
 0  0.5531657669815564  0.4793634727845254  0.03982980956665164  0.019680611785874953  
 0  0.5545715249662618  0.5088843904633378  0.03889263757684817  0.01968061178587489  
 0  0.5557429899535162  0.5377024291497975  0.03936122357174995  0.019680611785874953  
 0  0.5569144549407707  0.566169028340081  0.03982980956665164  0.020383490778227622  
