 0  0.38377192982456143  0.39290935672514615  0.040298395561553464  0.018274853801169548  
 0  0.38517768780926676  0.421727395411606  0.04029839556155342  0.016869095816464272  
 0  0.38728632478632474  0.450896873594242  0.0407669815564552  0.01757197480881694  
 0  0.3884577897735792  0.47901203328834907  0.040298395561553506  0.020383490778227622  
 0  0.38916066876593197  0.5078300719748088  0.040766981556455285  0.018977732793522283  
 0  0.3910350127455391  0.5373509896536212  0.040766981556455244  0.020383490778227622  
 0  0.4653058929374719  0.2994264507422402  0.039361223571749863  0.016869095816464272  
 0  0.46600877192982454  0.3285959289248763  0.03982980956665164  0.01757197480881694  
 0  0.467180236917079  0.35741396761133604  0.04029839556155342  0.01616621682411154  
 0  0.46835170190433345  0.38728632478632474  0.03982980956665164  0.019680611785874953  
 0  0.4697574598890388  0.4171586819613135  0.0407669815564552  0.01757197480881694  
 0  0.47092892487629334  0.4459767206477732  0.041235567551357065  0.018977732793522283  
 0  0.47280326885590046  0.48041779127305445  0.040298395561553506  0.01616621682411154  
 0  0.4746776128355076  0.5092358299595141  0.04029839556155342  0.01897773279352222  
 0  0.47538049182786024  0.5384053081421503  0.03982980956665164  0.019680611785874953  
 0  0.47678624981256557  0.568277665317139  0.038892637576848084  0.018977732793522283  
 0  0.4784263007947218  0.5970957040035987  0.04029839556155342  0.01897773279352222  
 0  0.5505885440095967  0.42032163742690054  0.04123556755135698  0.022492127755285696  
 0  0.5524628879892037  0.449842555105713  0.038424051581946304  0.01827485380116961  
 0  0.5536343529764582  0.4793634727845254  0.039829809566651726  0.01827485380116961  
 0  0.5543372319688109  0.5071271929824561  0.03842405158194639  0.020383490778227622  
 0  0.5559772829509672  0.5362966711650922  0.039829809566651726  0.01968061178587489  
 0  0.5566801619433197  0.566169028340081  0.040298395561553506  0.020383490778227622  
