 0  0.39473684210526316  0.3410870927318296  0.04177109440267337  0.019580200501253107  
 0  0.39682539682539686  0.37241541353383456  0.04072681704260648  0.0180137844611529  
 0  0.3986528822055137  0.400610902255639  0.04229323308270679  0.021146616541353375  
 0  0.4007414369256474  0.42998120300751874  0.0402046783625731  0.02036340852130324  
 0  0.4030910609857978  0.4597431077694235  0.039682539682539715  0.018796992481203034  
 0  0.404657477025898  0.4871553884711779  0.04072681704260648  0.020363408521303302  
 0  0.4733187134502923  0.20598370927318294  0.0402046783625731  0.02036340852130324  
 0  0.4746240601503759  0.2349624060150376  0.04177109440267333  0.021929824561403508  
 0  0.47566833751044274  0.2651159147869674  0.04072681704260656  0.022713032581453612  
 0  0.4769736842105263  0.29526942355889724  0.041248955722639945  0.02036340852130324  
 0  0.4782790309106098  0.32346491228070173  0.04177109440267333  0.021929824561403445  
 0  0.47906223893066  0.3536184210526316  0.041248955722639945  0.021146616541353375  
 0  0.48088972431077687  0.3845551378446115  0.03968253968253963  0.021929824561403508  
 0  0.4819340016708437  0.41196741854636587  0.03968253968253963  0.021929824561403508  
 0  0.48376148705096067  0.44212092731829566  0.04229323308270679  0.022713032581453643  
 0  0.48532790309106094  0.47149122807017535  0.041248955722639945  0.02036340852130324  
 0  0.4868943191311612  0.5020363408521303  0.0402046783625731  0.02036340852130324  
 0  0.4902882205513784  0.5337562656641603  0.03968253968253963  0.019580200501253107  
 0  0.4921157059314954  0.5643013784461153  0.0402046783625731  0.01958020050125317  
 0  0.49315998329156224  0.5932800751879699  0.03916040100250626  0.01958020050125317  
 0  0.49394319131161235  0.6222587719298246  0.04072681704260656  0.021146616541353438  
 0  0.4957706766917292  0.6500626566416039  0.041248955722639945  0.018796992481202972  
 0  0.4986424394319131  0.6786497493734335  0.04072681704260648  0.0180137844611529  
