 0  0.39525898078529653  0.3414786967418546  0.04072681704260656  0.021929824561403508  
 0  0.3978696741854636  0.37202380952380953  0.04072681704260656  0.021929824561403508  
 0  0.39891395154553044  0.40061090225563906  0.04177109440267333  0.01958020050125317  
 0  0.40021929824561403  0.42841478696741847  0.04229323308270671  0.018796992481202972  
 0  0.40282999164578104  0.4593515037593984  0.03916040100250626  0.0180137844611529  
 0  0.4051796157059315  0.487546992481203  0.03968253968253963  0.022713032581453643  
 0  0.4741019214703424  0.20402568922305764  0.039682539682539715  0.019580200501253107  
 0  0.47514619883040937  0.2349624060150376  0.039682539682539715  0.02036340852130327  
 0  0.4761904761904761  0.2651159147869674  0.04072681704260648  0.01958020050125314  
 0  0.47645154553049285  0.2944862155388471  0.04124895572263986  0.02036340852130324  
 0  0.47723475355054296  0.32424812030075184  0.04072681704260656  0.02036340852130324  
 0  0.47984544695071  0.3520520050125313  0.04072681704260648  0.021146616541353375  
 0  0.4803675856307435  0.3833803258145363  0.04072681704260648  0.021146616541353438  
 0  0.4819340016708437  0.4115758145363408  0.038638262322472874  0.019580200501253107  
 0  0.4840225563909774  0.44172932330827064  0.04072681704260648  0.02036340852130324  
 0  0.4855889724310776  0.47188283208020043  0.04072681704260656  0.021146616541353375  
 0  0.4876775271512113  0.50046992481203  0.039682539682539715  0.018796992481202972  
 0  0.489766081871345  0.5349310776942355  0.03863826232247279  0.021929824561403508  
 0  0.49133249791144523  0.5639097744360901  0.04177109440267333  0.020363408521303302  
 0  0.49368212197159567  0.5932800751879699  0.03916040100250626  0.01958020050125317  
 0  0.494204260651629  0.6218671679197995  0.03916040100250626  0.021929824561403508  
 0  0.4965538847117794  0.6508458646616542  0.03968253968253963  0.021929824561403508  
 0  0.4978592314118629  0.6786497493734335  0.03811612364243949  0.021146616541353438  
