 0  0.4117737219392567  0.23654145444255803  0.04185531031880785  0.02210667798528579  
 0  0.4144265232974911  0.266164402942841  0.04126579890586677  0.021222410865874352  
 0  0.4161950575363139  0.2944609507640068  0.04008677607998485  0.017685342388228633  
 0  0.4170793246557254  0.3249681663837012  0.041855310318807765  0.022106677985285757  
 0  0.4194373703074891  0.35370684776457273  0.04067628749292585  0.019453876627051506  
 0  0.42061639313337107  0.38288766270514996  0.03949726466704393  0.019453876627051506  
 0  0.4200268817204301  0.41472127900396155  0.03949726466704393  0.019453876627051506  
 0  0.42179541595925296  0.4447863610639502  0.03949726466704393  0.02122241086587432  
 0  0.42238492737219385  0.47352504244482174  0.04067628749292585  0.020338143746462947  
 0  0.42356395019807586  0.5035901245048104  0.04067628749292585  0.016801075268817193  
 0  0.4247429730239577  0.5314445387662705  0.04067628749292585  0.021222410865874383  
 0  0.4259219958498397  0.5654888228636107  0.043034333144689685  0.020338143746462947  
 0  0.42739577438219206  0.5955539049235994  0.04126579890586677  0.022106677985285757  
 0  0.4282800415016035  0.6238504527447651  0.03949726466704393  0.02033814374646301  
 0  0.4300485757404263  0.6525891341256368  0.039497264667044014  0.021222410865874383  
 0  0.4318171099792492  0.6826542161856253  0.041855310318807765  0.021222410865874383  
 0  0.4318171099792492  0.7100664968873798  0.04067628749292585  0.019453876627051506  
 0  0.5016742124127522  0.32762096774193544  0.04126579890586677  0.02210667798528582  
 0  0.5028532352386342  0.3581281833616299  0.04008677607998493  0.021222410865874383  
 0  0.5022637238256933  0.38554046406338427  0.04244482173174868  0.02299094510469726  
 0  0.5049165251839276  0.4156055461233729  0.041855310318807765  0.022990945104697198  
 0  0.5055060365968685  0.44522849462365593  0.04067628749292585  0.022106677985285757  
 0  0.5058007923033391  0.4744093095642331  0.04126579890586677  0.02210667798528582  
