 0  0.4126579890586682  0.23565718732314658  0.04244482173174868  0.020338143746462915  
 0  0.4138370118845501  0.266164402942841  0.04008677607998485  0.019453876627051506  
 0  0.4156055461233729  0.29490308432371254  0.04008677607998493  0.02210667798528582  
 0  0.4176688360686663  0.3249681663837012  0.041855310318807765  0.020338143746462884  
 0  0.41855310318807765  0.35414898132427847  0.04008677607998493  0.01856960950764007  
 0  0.4206163931333711  0.3842140633842671  0.04067628749292585  0.020338143746462947  
 0  0.4203216374269006  0.41472127900396155  0.04008677607998485  0.021222410865874383  
 0  0.42179541595925296  0.44301782682512736  0.04067628749292585  0.019453876627051506  
 0  0.42267968307866444  0.4739671760045274  0.04008677607998493  0.021222410865874383  
 0  0.4241534616110168  0.5040322580645161  0.040676287492925935  0.019453876627051506  
 0  0.4250377287304283  0.5314445387662705  0.04008677607998493  0.019453876627051506  
 0  0.4259219958498397  0.566373089983022  0.04067628749292585  0.02210667798528582  
 0  0.427985285795133  0.5937853706847764  0.04126579890586685  0.022106677985285757  
 0  0.4282800415016035  0.6242925863044708  0.041855310318807765  0.019453876627051506  
 0  0.4294590643274854  0.6530312676853424  0.040676287492925935  0.02033814374646301  
 0  0.4312275985663083  0.6813278155065082  0.04067628749292585  0.018569609507640132  
 0  0.43299613280513105  0.7096243633276741  0.04067628749292585  0.02033814374646301  
 0  0.5013794567062818  0.32717883418222976  0.041855310318807765  0.021222410865874383  
 0  0.5025584795321637  0.3581281833616299  0.040676287492925935  0.019453876627051506  
 0  0.5040322580645161  0.38598259762308995  0.04126579890586685  0.01856960950764007  
 0  0.5040322580645161  0.4164898132427844  0.04126579890586685  0.019453876627051444  
 0  0.5055060365968685  0.4456706281833616  0.041855310318807765  0.019453876627051506  
 0  0.5055060365968685  0.4744093095642331  0.041855310318807765  0.020338143746462947  
