 0  0.41483918128654973  0.3089755639097744  0.0402046783625731  0.021146616541353375  
 0  0.4166666666666667  0.3395206766917293  0.042815371762740174  0.01958020050125317  
 0  0.4177109440267334  0.368890977443609  0.04072681704260648  0.02036340852130324  
 0  0.4182330827067669  0.39786967418546365  0.04072681704260648  0.018796992481202972  
 0  0.4195384294068504  0.4264567669172932  0.0402046783625731  0.01958020050125317  
 0  0.4211048454469506  0.45582706766917286  0.03916040100250626  0.02036340852130324  
 0  0.4195384294068504  0.4871553884711779  0.041248955722639945  0.020363408521303302  
 0  0.42084377610693396  0.5157424812030075  0.04177109440267333  0.019580200501253107  
 0  0.42214912280701755  0.5447211779448621  0.041248955722639945  0.019580200501253107  
 0  0.42371553884711777  0.5744830827067668  0.041248955722639945  0.019580200501253045  
 0  0.42371553884711777  0.6026785714285714  0.04229323308270679  0.021146616541353313  
 0  0.49812030075187963  0.2514097744360902  0.042815371762740174  0.021929824561403476  
 0  0.4999477861319966  0.28195488721804507  0.04333751044277363  0.02036340852130324  
 0  0.5009920634920634  0.3117167919799499  0.04229323308270679  0.02036340852130324  
 0  0.5017752715121135  0.34069548872180444  0.04177109440267333  0.02036340852130324  
 0  0.5028195488721804  0.37006578947368424  0.04177109440267333  0.021146616541353375  
 0  0.5038638262322472  0.40021929824561403  0.04281537176274026  0.020363408521303302  
 0  0.5093462823725982  0.4973370927318296  0.0402046783625731  0.020363408521303302  
 0  0.5106516290726816  0.5286654135338346  0.04072681704260648  0.02036340852130324  
 0  0.5119569757727652  0.5572525062656641  0.041248955722639945  0.022713032581453643  
 0  0.5137844611528821  0.5862312030075187  0.04072681704260656  0.01958020050125317  
 0  0.5153508771929824  0.6148182957393483  0.039682539682539715  0.020363408521303365  
 0  0.516656223893066  0.6437969924812029  0.04124895572263986  0.021929824561403508  
