 0  0.41483918128654973  0.3089755639097744  0.0402046783625731  0.021146616541353375  
 0  0.4166666666666667  0.3383458646616541  0.04177109440267341  0.021929824561403508  
 0  0.4174498746867167  0.36849937343358397  0.041248955722639945  0.021146616541353375  
 0  0.4187552213868004  0.39747807017543857  0.04072681704260648  0.019580200501253107  
 0  0.4197994987468671  0.4264567669172932  0.04072681704260656  0.0180137844611529  
 0  0.4205827067669172  0.45504385964912275  0.04229323308270679  0.02036340852130324  
 0  0.4203216374269006  0.4871553884711779  0.04072681704260648  0.020363408521303302  
 0  0.42136591478696733  0.5157424812030075  0.04072681704260648  0.022713032581453643  
 0  0.4224101921470343  0.5451127819548872  0.04072681704260648  0.018796992481203034  
 0  0.42371553884711777  0.5740914786967417  0.0402046783625731  0.02036340852130324  
 0  0.4239766081871345  0.6034617794486216  0.04072681704260648  0.021146616541353438  
 0  0.49890350877192985  0.2521929824561403  0.03916040100250626  0.017230576441102766  
 0  0.4991645781119465  0.28195488721804507  0.04072681704260656  0.017230576441102798  
 0  0.5009920634920635  0.31132518796992475  0.03916040100250626  0.0180137844611529  
 0  0.502297410192147  0.3399122807017544  0.04072681704260648  0.017230576441102766  
 0  0.502297410192147  0.37045739348370926  0.039682539682539715  0.02036340852130324  
 0  0.5038638262322472  0.39982769423558895  0.03968253968253963  0.01958020050125317  
 0  0.5096073517126148  0.49812030075187963  0.04072681704260648  0.018796992481203034  
 0  0.5103905597326649  0.5274906015037594  0.03916040100250626  0.019580200501253107  
 0  0.5122180451127819  0.556860902255639  0.04072681704260656  0.020363408521303302  
 0  0.5137844611528821  0.5854479949874686  0.04072681704260656  0.019580200501253045  
 0  0.5158730158730158  0.6140350877192983  0.04072681704260656  0.02036340852130324  
 0  0.5169172932330827  0.6430137844611528  0.039682539682539715  0.021929824561403508  
