 0  0.4444538161643425  0.20418634727845256  0.042641325536062404  0.018977732793522252  
 0  0.4465624531414004  0.23546446243814662  0.041235567551357065  0.022492127755285665  
 0  0.4467967461388514  0.2670940170940171  0.04357849752586596  0.02108636977058029  
 0  0.4479682111261058  0.29837213225371123  0.04310991153096418  0.021789248762932964  
 0  0.4493739691108112  0.32894736842105265  0.04217273954116054  0.019680611785874953  
 0  0.44984255510571297  0.36092836257309935  0.04217273954116054  0.018977732793522283  
 0  0.4512483130904184  0.40204678362573093  0.04310991153096418  0.019680611785874953  
 0  0.45335695006747634  0.432270580296896  0.042641325536062404  0.019680611785874953  
 0  0.45382553606237813  0.4621429374718849  0.04357849752586596  0.020383490778227622  
 0  0.45523129404708346  0.49377249212775526  0.041704153546258844  0.020383490778227622  
 0  0.45569988004198525  0.5254020467836257  0.040766981556455285  0.021789248762932964  
 0  0.45733993102414155  0.5556258434547907  0.0431099115309641  0.018977732793522283  
 0  0.5327822762033289  0.1992661943319838  0.04217273954116054  0.020383490778227622  
 0  0.5339537411905834  0.2305443094916779  0.04451566951566953  0.022492127755285633  
 0  0.534890913180387  0.26322818263607733  0.04357849752586596  0.018977732793522252  
 0  0.5365309641625431  0.29485773729194775  0.04310991153096418  0.021789248762932964  
 0  0.5369995501574448  0.3257844129554656  0.04404708352076775  0.021789248762932964  
 0  0.5386396011396012  0.3567110886189834  0.042641325536062404  0.018977732793522283  
 0  0.5374681361523466  0.3915035987404408  0.04310991153096418  0.019680611785874953  
 0  0.538873894137052  0.42067307692307687  0.04310991153096418  0.023195006747638365  
 0  0.5402796521217573  0.45300551057130006  0.0431099115309641  0.020383490778227622  
 0  0.5409825311141101  0.4846350652271704  0.044515669515669445  0.023195006747638303  
 0  0.5421539961013645  0.5155617408906883  0.0431099115309641  0.023195006747638365  
