 0  0.44398523016944075  0.20418634727845256  0.04357849752586596  0.023195006747638334  
 0  0.44585957414904787  0.23616734143049933  0.042641325536062404  0.02108636977058029  
 0  0.4467967461388514  0.26674257759784076  0.04357849752586596  0.02178924876293299  
 0  0.44843679712100754  0.29837213225371123  0.04404708352076775  0.021789248762932964  
 0  0.4493739691108112  0.3285959289248763  0.04123556755135698  0.020383490778227622  
 0  0.45054543409806563  0.36092836257309935  0.04264132553606232  0.020383490778227622  
 0  0.45218548508022194  0.4016953441295546  0.041235567551357065  0.020383490778227622  
 0  0.45265407107512373  0.4326220197930724  0.042172739541160624  0.01897773279352222  
 0  0.45335695006747634  0.4631972559604139  0.042641325536062404  0.01827485380116961  
 0  0.45523129404708346  0.4934210526315789  0.04357849752586596  0.02108636977058029  
 0  0.45569988004198525  0.5250506072874493  0.041704153546258844  0.019680611785874953  
 0  0.45687134502923976  0.5552744039586144  0.04217273954116054  0.023897885739990972  
 0  0.5337194481931323  0.19891475483580748  0.04498425551057131  0.02108636977058029  
 0  0.5341880341880342  0.2305443094916779  0.04310991153096418  0.019680611785874953  
 0  0.5351252061778378  0.262876743139901  0.04310991153096418  0.01968061178587492  
 0  0.5358280851701904  0.2945062977957714  0.041704153546258844  0.019680611785874953  
 0  0.5374681361523466  0.3264872919478183  0.04310991153096418  0.020383490778227622  
 0  0.5386396011396012  0.3567110886189834  0.042641325536062404  0.018977732793522283  
 0  0.5374681361523466  0.39150359874044083  0.042172739541160624  0.018274853801169548  
 0  0.538873894137052  0.421727395411606  0.042172739541160624  0.019680611785874953  
 0  0.5398110661268556  0.4537083895636527  0.04217273954116054  0.020383490778227622  
 0  0.5412168241115609  0.48533794421952314  0.04217273954116054  0.018977732793522283  
 0  0.5419197031039136  0.5159131803868646  0.04170415354625876  0.018274853801169548  
