 0  0.3926750637276953  0.19610323886639675  0.04404708352076771  0.02108636977058029  
 0  0.39431511470985153  0.22808423301844352  0.04357849752586593  0.020383490778227622  
 0  0.3959551656920078  0.259713787674314  0.04217273954116054  0.018977732793522252  
 0  0.39618945868945865  0.28993758434547906  0.042641325536062404  0.020383490778227653  
 0  0.39806380266906577  0.3215671390013495  0.042641325536062404  0.021789248762932964  
 0  0.39876668166141854  0.3517909356725147  0.042172739541160624  0.018977732793522283  
 0  0.4784263007947218  0.16904239766081872  0.04217273954116054  0.018977732793522283  
 0  0.47983205877942714  0.2003205128205128  0.04498425551057131  0.02108636977058029  
 0  0.4812378167641325  0.23159862798020694  0.04310991153096418  0.018977732793522252  
 0  0.48240928175138703  0.26357962213225367  0.042641325536062404  0.01968061178587492  
 0  0.48311216074373964  0.29520917678812414  0.042172739541160624  0.018274853801169548  
 0  0.48522079772079774  0.3268387314439946  0.04170415354625876  0.019680611785874953  
 0  0.48217498875393605  0.3602254835807467  0.04404708352076775  0.021789248762932964  
 0  0.48264357474883784  0.39185503823661716  0.04310991153096418  0.01897773279352222  
 0  0.48428362573099415  0.42243027440395864  0.04170415354625876  0.019680611785874953  
 0  0.48428362573099415  0.45405982905982906  0.042641325536062404  0.01968061178587489  
 0  0.48615796971060127  0.4842836257309941  0.04170415354625876  0.019680611785874953  
 0  0.4873294346978557  0.5152103013945118  0.04123556755135698  0.019680611785874953  
 0  0.5695662768031189  0.35003373819163286  0.043578497525865886  0.019680611785874953  
 0  0.5707377417903733  0.38131185335132706  0.04310991153096418  0.020383490778227622  
 0  0.5723777927725296  0.4132928475033738  0.042641325536062404  0.02108636977058029  
 0  0.5726120857699805  0.4445709626630679  0.042172739541160624  0.020383490778227622  
 0  0.5733149647623332  0.4762005173189384  0.042641325536062404  0.020383490778227622  
