 0  0.3926750637276953  0.1946974808816914  0.04217273954116058  0.01968061178587492  
 0  0.39361223571749887  0.2266784750337382  0.04498425551057127  0.021789248762932964  
 0  0.3950179937022042  0.2590109086819613  0.04217273954116054  0.021789248762932964  
 0  0.39665804468436044  0.29099190283400805  0.04357849752586596  0.022492127755285665  
 0  0.397595216674164  0.3215671390013495  0.04357849752586596  0.021789248762932964  
 0  0.39853238866396756  0.35143949617633835  0.041704153546258844  0.019680611785874953  
 0  0.4791291797870746  0.1697452766531714  0.04545284150547309  0.02178924876293299  
 0  0.47983205877942714  0.19961763382816014  0.04310991153096418  0.02108636977058029  
 0  0.48170640275903426  0.23195006747638328  0.042172739541160624  0.01968061178587492  
 0  0.48264357474883784  0.2635796221322537  0.04310991153096418  0.02108636977058029  
 0  0.48311216074373964  0.2945062977957714  0.042172739541160624  0.02108636977058029  
 0  0.4854550907182486  0.3243786549707603  0.04217273954116054  0.021789248762932964  
 0  0.48217498875393605  0.3602254835807467  0.04310991153096418  0.023195006747638303  
 0  0.4835807467386414  0.3922064777327935  0.04310991153096418  0.023897885739991034  
 0  0.4835807467386414  0.4231331533963113  0.04310991153096418  0.019680611785874953  
 0  0.48451791872844496  0.45300551057130006  0.04310991153096418  0.021789248762932964  
 0  0.4856893837156995  0.48533794421952314  0.043578497525865886  0.020383490778227622  
 0  0.48639226270805214  0.515210301394512  0.044984255510571225  0.022492127755285696  
 0  0.5700348627980207  0.3507366171839856  0.04545284150547309  0.022492127755285696  
 0  0.5707377417903733  0.3820147323436797  0.04498425551057131  0.020383490778227622  
 0  0.5714406207827261  0.41258996851102114  0.04451566951566953  0.01968061178587489  
 0  0.5719092067776279  0.4445709626630679  0.04451566951566953  0.02460076473234364  
 0  0.5728463787674314  0.4751461988304093  0.047327185485080206  0.022492127755285696  
