 0  0.3929093567251462  0.19610323886639675  0.045452841505473046  0.022492127755285633  
 0  0.39361223571749887  0.22878711201079618  0.04498425551057127  0.02178924876293299  
 0  0.3952522866996551  0.26006522717049035  0.04170415354625876  0.02108636977058029  
 0  0.39665804468436044  0.29099190283400805  0.04357849752586596  0.022492127755285665  
 0  0.397595216674164  0.32121569950517315  0.042641325536062404  0.02108636977058029  
 0  0.39876668166141854  0.35249381466486734  0.04404708352076775  0.023195006747638303  
 0  0.4786605937921728  0.17009671614934774  0.042641325536062404  0.023897885739991003  
 0  0.48030064477432893  0.20137483130904182  0.04404708352076775  0.02178924876293299  
 0  0.4812378167641325  0.23300438596491227  0.04404708352076775  0.023195006747638334  
 0  0.4833464537411906  0.26393106162843  0.04451566951566953  0.023195006747638334  
 0  0.4833464537411906  0.29626349527665324  0.042641325536062404  0.020383490778227622  
 0  0.4854550907182486  0.3278930499325236  0.04217273954116054  0.020383490778227622  
 0  0.48217498875393605  0.36268556005398106  0.042172739541160624  0.022492127755285633  
 0  0.48311216074373964  0.39290935672514626  0.042172739541160624  0.019680611785874953  
 0  0.48381503973609236  0.4241874718848403  0.041704153546258844  0.023195006747638303  
 0  0.48451791872844496  0.45616846603688704  0.04310991153096418  0.02108636977058029  
 0  0.48451791872844496  0.48674370220422847  0.04404708352076775  0.021789248762932964  
 0  0.48662655570550306  0.51731893837157  0.04170415354625876  0.023897885739991034  
 0  0.5700348627980206  0.3517909356725146  0.04264132553606232  0.01757197480881688  
 0  0.5712063277852751  0.38342049032838504  0.042172739541160624  0.020383490778227622  
 0  0.5723777927725296  0.41399572649572647  0.042641325536062404  0.019680611785874953  
 0  0.5733149647623332  0.4466795996401259  0.041704153546258844  0.020383490778227622  
 0  0.5740178437546858  0.4769033963112911  0.042172739541160624  0.018977732793522283  
