 0  0.39220647773279355  0.19715755735492577  0.045921427500374826  0.021789248762932964  
 0  0.39431511470985153  0.2277327935222672  0.04357849752586593  0.02108636977058029  
 0  0.39572087269455686  0.25936234817813764  0.04264132553606232  0.02108636977058029  
 0  0.3968923376818114  0.2902890238416554  0.04310991153096418  0.01827485380116961  
 0  0.39829809566651675  0.32297289698605486  0.042172739541160624  0.021789248762933023  
 0  0.39876668166141854  0.35354813315339634  0.04310991153096418  0.01827485380116961  
 0  0.4788948867896236  0.17044815564552407  0.04310991153096418  0.020383490778227622  
 0  0.48030064477432893  0.20137483130904185  0.04404708352076775  0.020383490778227622  
 0  0.4805349377717799  0.23370726495726496  0.04357849752586596  0.020383490778227622  
 0  0.48147210976158344  0.2642825011246064  0.04451566951566953  0.019680611785874953  
 0  0.48428362573099415  0.2959120557804768  0.042641325536062404  0.021086369770580354  
 0  0.484517918728445  0.3275416104363473  0.04123556755135698  0.02108636977058029  
 0  0.48240928175138703  0.36163124156545207  0.04451566951566953  0.021789248762932964  
 0  0.4828778677462888  0.3936122357174989  0.04357849752586596  0.02108636977058029  
 0  0.4840493327335433  0.42524179037336934  0.04123556755135698  0.02108636977058029  
 0  0.48404933273354317  0.4558170265407107  0.042172739541160624  0.020383490778227622  
 0  0.4854550907182486  0.4860408232118758  0.04217273954116054  0.018977732793522283  
 0  0.48615796971060127  0.51731893837157  0.04264132553606232  0.01827485380116961  
 0  0.5698005698005698  0.352142375168691  0.04498425551057131  0.02108636977058029  
 0  0.5709720347878243  0.38236617183985605  0.042641325536062404  0.019680611785874953  
 0  0.5719092067776279  0.4143471659919028  0.04357849752586596  0.018977732793522283  
 0  0.5726120857699805  0.44667959964012593  0.04310991153096418  0.01897773279352222  
 0  0.573783550757235  0.4772548358074674  0.04451566951566953  0.019680611785874953  
