 0  0.39384652871494974  0.19540035987404408  0.04451566951566949  0.022492127755285633  
 0  0.3952522866996551  0.22913855150697254  0.04264132553606232  0.01827485380116958  
 0  0.3968923376818114  0.26111954565901935  0.042172739541160624  0.020383490778227622  
 0  0.39782950967161496  0.2906404633378317  0.04310991153096418  0.018977732793522283  
 0  0.39876668166141854  0.3229728969860548  0.04310991153096418  0.020383490778227622  
 0  0.4004067326435747  0.35319669365722  0.041704153546258844  0.021789248762932964  
 0  0.48030064477432893  0.1697452766531714  0.04310991153096418  0.02178924876293299  
 0  0.4805349377717799  0.20278058929374718  0.041704153546258844  0.018977732793522283  
 0  0.48194069575648524  0.23335582546108863  0.042641325536062404  0.019680611785874953  
 0  0.4828778677462888  0.2663911381016644  0.04357849752586596  0.01968061178587492  
 0  0.48451791872844496  0.2959120557804768  0.04310991153096418  0.022492127755285696  
 0  0.4859236767131504  0.32719017094017094  0.04217273954116054  0.021789248762932964  
 0  0.48194069575648524  0.3619826810616284  0.040766981556455285  0.02108636977058029  
 0  0.4840493327335433  0.39290935672514626  0.04123556755135698  0.019680611785874953  
 0  0.4854550907182486  0.42348459289248763  0.0431099115309641  0.020383490778227622  
 0  0.4854550907182486  0.45405982905982906  0.0431099115309641  0.01968061178587489  
 0  0.48639226270805214  0.48533794421952314  0.0431099115309641  0.021789248762932964  
 0  0.48709514170040485  0.5155617408906882  0.043578497525865886  0.020383490778227622  
 0  0.5709720347878243  0.352142375168691  0.04357849752586596  0.019680611785874953  
 0  0.5719092067776279  0.3830690508322087  0.04357849752586596  0.019680611785874953  
 0  0.5730806717648822  0.4132928475033738  0.041235567551357065  0.02108636977058029  
 0  0.5723777927725296  0.4449224021592442  0.041704153546258844  0.019680611785874953  
 0  0.5742521367521367  0.47655195681511475  0.04451566951566953  0.02108636977058029  
