 0  0.39384652871494974  0.19715755735492577  0.04264132553606236  0.020383490778227622  
 0  0.395486579697106  0.2298414304993252  0.04404708352076779  0.01827485380116958  
 0  0.3968923376818114  0.26006522717049035  0.04404708352076775  0.01968061178587492  
 0  0.39782950967161496  0.29204622132253705  0.042172739541160624  0.020383490778227622  
 0  0.39876668166141854  0.3215671390013495  0.042172739541160624  0.018977732793522283  
 0  0.3997038536512221  0.35389957264957267  0.04310991153096418  0.01757197480881694  
 0  0.47983205877942714  0.17009671614934774  0.042172739541160624  0.021086369770580322  
 0  0.4805349377717799  0.20242914979757085  0.04357849752586596  0.02108636977058029  
 0  0.48170640275903426  0.23441014394961762  0.042172739541160624  0.018977732793522283  
 0  0.48404933273354317  0.26498538011695905  0.04310991153096418  0.019680611785874953  
 0  0.48475221172589594  0.2969663742690059  0.04264132553606232  0.021789248762932964  
 0  0.48639226270805214  0.3275416104363473  0.044047083520767666  0.02108636977058029  
 0  0.4835807467386414  0.36233412055780473  0.041235567551357065  0.020383490778227622  
 0  0.48404933273354317  0.3918550382366171  0.04310991153096418  0.020383490778227622  
 0  0.484517918728445  0.42348459289248763  0.04217273954116054  0.018977732793522283  
 0  0.4859236767131504  0.4547627080521817  0.04217273954116054  0.02108636977058029  
 0  0.48639226270805214  0.4842836257309941  0.0431099115309641  0.019680611785874953  
 0  0.48709514170040485  0.5155617408906883  0.04170415354625876  0.01757197480881688  
 0  0.5700348627980206  0.35143949617633824  0.04264132553606232  0.018274853801169548  
 0  0.5709720347878243  0.3820147323436797  0.042641325536062404  0.020383490778227622  
 0  0.5721434997750787  0.41258996851102114  0.04310991153096418  0.01968061178587489  
 0  0.5730806717648822  0.44421952316689156  0.04310991153096418  0.02108636977058029  
 0  0.573549257759784  0.47514619883040937  0.042172739541160624  0.02108636977058029  
