 0  0.40017243964612387  0.40485829959514164  0.042172739541160624  0.02108636977058029  
 0  0.4015781976308292  0.43543353576248317  0.04310991153096418  0.020383490778227622  
 0  0.4025153696206328  0.4653058929374719  0.04217273954116054  0.01827485380116961  
 0  0.40462400659769077  0.49552968960863697  0.043578497525865886  0.01968061178587489  
 0  0.4057954715849452  0.5271592442645073  0.04123556755135698  0.019680611785874953  
 0  0.4069669365721998  0.5573830409356725  0.041704153546258844  0.01968061178587489  
 0  0.4788948867896236  0.17009671614934774  0.042172739541160624  0.01968061178587492  
 0  0.4805349377717799  0.20172627080521818  0.040766981556455285  0.019680611785874953  
 0  0.48170640275903426  0.2340587044534413  0.041235567551357065  0.022492127755285633  
 0  0.48240928175138703  0.26498538011695905  0.040766981556455285  0.019680611785874953  
 0  0.48475221172589594  0.29626349527665324  0.0407669815564552  0.020383490778227622  
 0  0.48639226270805214  0.32613585245164195  0.0431099115309641  0.019680611785874953  
 0  0.48451791872844496  0.36373987854251005  0.04310991153096418  0.018977732793522283  
 0  0.4856893837156995  0.3946665542060279  0.04170415354625876  0.020383490778227622  
 0  0.48662655570550306  0.42524179037336934  0.04170415354625876  0.01827485380116961  
 0  0.4880323136902084  0.45616846603688704  0.04357849752586596  0.02108636977058029  
 0  0.4896723646723647  0.48639226270805214  0.041235567551357065  0.01827485380116961  
 0  0.4903752436647173  0.5169674988753936  0.041704153546258844  0.018977732793522283  
 0  0.5705034487929225  0.352142375168691  0.042641325536062404  0.019680611785874953  
 0  0.5714406207827261  0.3820147323436797  0.042641325536062404  0.018977732793522283  
 0  0.5730806717648822  0.4122385290148448  0.04404708352076775  0.020383490778227622  
 0  0.5730806717648822  0.4456252811515969  0.042172739541160624  0.02108636977058029  
 0  0.573549257759784  0.4762005173189384  0.041235567551357065  0.020383490778227622  
