 0  0.3997038536512221  0.404155420602789  0.041235567551357065  0.019680611785874953  
 0  0.402046783625731  0.43508209626630684  0.04123556755135698  0.01827485380116961  
 0  0.4029839556155346  0.46636021142600087  0.04217273954116054  0.018977732793522283  
 0  0.4039211276053381  0.4958811291048133  0.04217273954116054  0.01897773279352222  
 0  0.40462400659769077  0.5271592442645073  0.0407669815564552  0.02108636977058029  
 0  0.4069669365721998  0.5573830409356725  0.041704153546258844  0.02108636977058029  
 0  0.4788948867896236  0.16974527665317138  0.04123556755135698  0.020383490778227622  
 0  0.4805349377717799  0.20207771030139451  0.041704153546258844  0.021789248762932964  
 0  0.48240928175138703  0.23441014394961762  0.041704153546258844  0.021789248762932964  
 0  0.48311216074373964  0.26498538011695905  0.042172739541160624  0.022492127755285633  
 0  0.48428362573099415  0.2959120557804768  0.042641325536062404  0.022492127755285696  
 0  0.4859236767131504  0.32719017094017094  0.04123556755135698  0.020383490778227622  
 0  0.48404933273354317  0.36373987854251005  0.042172739541160624  0.020383490778227622  
 0  0.4854550907182486  0.39501799370220425  0.04123556755135698  0.02108636977058029  
 0  0.48686084870295393  0.4245389113810166  0.04217273954116054  0.02108636977058029  
 0  0.4880323136902084  0.4565199055330634  0.042641325536062404  0.020383490778227622  
 0  0.4885008996851102  0.4870951417004048  0.0407669815564552  0.02108636977058029  
 0  0.4899066576698155  0.5183732568600989  0.041704153546258844  0.020383490778227622  
 0  0.5702691557954715  0.35143949617633824  0.04123556755135698  0.018274853801169548  
 0  0.5709720347878243  0.3827176113360324  0.041704153546258844  0.020383490778227622  
 0  0.5726120857699805  0.41364428699955014  0.041235567551357065  0.021789248762932964  
 0  0.5730806717648822  0.44527384165542055  0.042172739541160624  0.018977732793522283  
 0  0.5740178437546858  0.4751461988304093  0.041235567551357065  0.022492127755285696  
