 0  0.39969715956558055  0.4045269423558897  0.04229323308270679  0.01958020050125317  
 0  0.402046783625731  0.43546365914786966  0.04177109440267341  0.018796992481202972  
 0  0.4028299916457811  0.4664003759398496  0.04229323308270679  0.0180137844611529  
 0  0.4043964076858813  0.4965538847117794  0.04229323308270679  0.02036340852130324  
 0  0.4051796157059315  0.5270989974937342  0.042815371762740174  0.018796992481202972  
 0  0.40700710108604843  0.5580357142857142  0.04333751044277356  0.019580200501253107  
 0  0.4795843776106933  0.17034774436090222  0.04333751044277363  0.021146616541353375  
 0  0.48062865497076024  0.20128446115288218  0.041248955722639945  0.018796992481203003  
 0  0.481672932330827  0.23300438596491224  0.04229323308270679  0.021146616541353375  
 0  0.48323934837092725  0.2647243107769423  0.04229323308270671  0.02036340852130327  
 0  0.4845446950710109  0.29566102756892226  0.042815371762740174  0.021146616541353375  
 0  0.4855889724310776  0.32777255639097747  0.04177109440267333  0.019580200501253107  
 0  0.4845446950710109  0.3634085213032581  0.042815371762740174  0.02036340852130324  
 0  0.4855889724310776  0.3943452380952381  0.04072681704260656  0.01958020050125317  
 0  0.48637218045112773  0.4244987468671679  0.04438178780284048  0.018796992481202972  
 0  0.4887218045112781  0.4554354636591478  0.042815371762740174  0.022713032581453643  
 0  0.4887218045112781  0.4867637844611528  0.042815371762740174  0.021146616541353438  
 0  0.4895050125313283  0.5169172932330827  0.041248955722639945  0.018796992481202972  
 0  0.6106411862990809  0.500861528822055  0.04124895572263986  0.019580200501253107  
 0  0.6119465329991646  0.531798245614035  0.043859649122807015  0.02036340852130324  
 0  0.6116854636591478  0.563518170426065  0.04229323308270679  0.019580200501253107  
 0  0.6124686716791979  0.5944548872180451  0.04281537176274026  0.02036340852130324  
 0  0.6135129490392648  0.6246083959899749  0.04177109440267333  0.01958020050125317  
