 0  0.3994360902255638  0.40256892230576435  0.043859649122807015  0.021929824561403508  
 0  0.4015246449456975  0.43624686716791977  0.042815371762740174  0.02036340852130324  
 0  0.40256892230576435  0.4652255639097744  0.04281537176274026  0.018796992481203034  
 0  0.4041353383458646  0.49537907268170417  0.04177109440267333  0.021146616541353375  
 0  0.4057017543859649  0.5263157894736842  0.04177109440267341  0.02036340852130324  
 0  0.40752923976608185  0.5572525062656641  0.041248955722639945  0.021146616541353375  
 0  0.4793233082706766  0.17113095238095236  0.042815371762740174  0.021146616541353375  
 0  0.48062865497076024  0.20245927318295737  0.04229323308270671  0.01958020050125314  
 0  0.48219507101086045  0.23417919799498746  0.04229323308270679  0.017230576441102766  
 0  0.48323934837092725  0.2647243107769423  0.041248955722639945  0.018796992481203003  
 0  0.4848057644110275  0.29605263157894735  0.04229323308270679  0.021929824561403508  
 0  0.4855889724310776  0.3273809523809524  0.04177109440267333  0.02036340852130324  
 0  0.4840225563909774  0.36301691729323304  0.04177109440267333  0.019580200501253107  
 0  0.4855889724310776  0.39395363408521294  0.04281537176274026  0.018796992481203034  
 0  0.4866332497911445  0.42606516290726815  0.04177109440267333  0.017230576441102766  
 0  0.48793859649122806  0.45582706766917286  0.04229323308270671  0.018796992481202972  
 0  0.48976608187134496  0.4871553884711779  0.043859649122807015  0.020363408521303302  
 0  0.4900271512113617  0.5169172932330827  0.04229323308270679  0.02036340852130324  
 0  0.6106411862990809  0.5012531328320802  0.04333751044277356  0.018796992481202972  
 0  0.6114243943191311  0.5329730576441103  0.04177109440267333  0.021146616541353375  
 0  0.6119465329991646  0.5623433583959899  0.04177109440267341  0.018796992481202972  
 0  0.6122076023391813  0.5928884711779449  0.04333751044277363  0.020363408521303365  
 0  0.6140350877192982  0.6242167919799498  0.04177109440267333  0.021929824561403508  
