 0  0.4001342989256086  0.40417176662586696  0.042074663402692766  0.020399836801305627  
 0  0.400984292125663  0.436046511627907  0.0412246702026384  0.020399836801305565  
 0  0.40289677682578534  0.46600877192982454  0.04249966000272004  0.019124847001224004  
 0  0.4037467700258398  0.4959710322317422  0.04164966680266558  0.020399836801305627  
 0  0.40544675642594863  0.5272082823337414  0.04249966000272004  0.020399836801305627  
 0  0.4067217462260302  0.5581267849857201  0.04164966680266558  0.02103733170134634  
 0  0.4787586699306406  0.1711673806609547  0.042924656602747226  0.018487352101183196  
 0  0.4804586563307494  0.20208588331293348  0.0412246702026384  0.019124847001223973  
 0  0.4815211478308174  0.23364188086495308  0.04334965320277441  0.019762341901264784  
 0  0.4834336325309398  0.26487913096695226  0.042074663402692766  0.019762341901264784  
 0  0.4847086223310214  0.29611638106895144  0.042074663402692766  0.021037331701346404  
 0  0.48534611723106214  0.32671613627090984  0.039949680402556836  0.019762341901264784  
 0  0.5112709098327214  0.463140044879641  0.04164966680266558  0.018487352101183165  
 0  0.5119084047327622  0.4937398000815994  0.0412246702026384  0.021037331701346404  
 0  0.5119084047327622  0.5246583027335782  0.0412246702026384  0.019124847001224004  
 0  0.5121209030327757  0.5543018155854753  0.04079967360261121  0.018487352101183165  
 0  0.5121209030327757  0.5849015707874338  0.04164966680266558  0.022312321501427902  
 0  0.5131833945328438  0.616138820889433  0.04037467700258394  0.02103733170134634  
 0  0.6096576227390181  0.5010709914320686  0.042924656602747226  0.020399836801305565  
 0  0.6124201006391949  0.5319894940840474  0.04249966000271996  0.018487352101183227  
 0  0.6119951040391677  0.5632267441860465  0.04164966680266558  0.018487352101183165  
 0  0.6128450972392221  0.5938264993880049  0.04249966000271996  0.022312321501428027  
 0  0.6136950904392765  0.6247450020399837  0.04164966680266558  0.019124847001224004  
