 0  0.3999582289055973  0.40374373433583954  0.043859649122807015  0.019580200501253107  
 0  0.40100250626566414  0.4346804511278195  0.043859649122807015  0.02036340852130324  
 0  0.4030910609857978  0.46561716791979946  0.042815371762740174  0.01958020050125317  
 0  0.4041353383458646  0.49655388471177936  0.04177109440267333  0.018796992481203034  
 0  0.40491854636591473  0.5267073934837092  0.041248955722639945  0.021146616541353375  
 0  0.40700710108604843  0.5576441102756892  0.04229323308270679  0.018796992481203034  
 0  0.4795843776106933  0.17073934837092733  0.04333751044277363  0.018796992481203003  
 0  0.48062865497076024  0.20128446115288218  0.04229323308270671  0.018796992481203003  
 0  0.4811507936507936  0.2345708020050125  0.04333751044277356  0.021146616541353375  
 0  0.48350041771094393  0.2651159147869674  0.042815371762740174  0.021146616541353407  
 0  0.48376148705096067  0.29605263157894735  0.04333751044277356  0.020363408521303302  
 0  0.48585004177109437  0.3285557644110275  0.041248955722639945  0.0180137844611529  
 0  0.5119569757727652  0.46326754385964913  0.04229323308270679  0.021146616541353375  
 0  0.5119569757727652  0.49420426065162903  0.04438178780284048  0.02036340852130324  
 0  0.5114348370927319  0.525532581453634  0.04333751044277363  0.02036340852130324  
 0  0.5122180451127818  0.5552944862155388  0.042815371762740174  0.02036340852130324  
 0  0.5130012531328321  0.5862312030075187  0.04333751044277356  0.022713032581453706  
 0  0.5130012531328321  0.6167763157894737  0.04438178780284048  0.021146616541353438  
 0  0.6101190476190476  0.5016447368421053  0.04229323308270671  0.021146616541353375  
 0  0.6114243943191311  0.53140664160401  0.042815371762740174  0.019580200501253107  
 0  0.6122076023391813  0.5639097744360901  0.04333751044277363  0.018796992481202972  
 0  0.6132518796992481  0.5948464912280702  0.041248955722639945  0.019580200501253045  
 0  0.6140350877192982  0.6246083959899749  0.04177109440267333  0.0180137844611529  
