 0  0.3999582289055973  0.4033521303258145  0.04490392648287386  0.021929824561403508  
 0  0.4012635756056808  0.4362468671679197  0.04333751044277363  0.017230576441102766  
 0  0.40387426900584794  0.4652255639097744  0.04333751044277363  0.020363408521303302  
 0  0.4041353383458647  0.4957706766917293  0.04072681704260648  0.02036340852130324  
 0  0.40544068504594816  0.5267073934837092  0.04438178780284048  0.019580200501253107  
 0  0.40648496240601495  0.5584273182957393  0.041248955722639945  0.021929824561403508  
 0  0.5430242272347535  0.19893483709273183  0.042815371762740174  0.02036340852130324  
 0  0.5440685045948204  0.2294799498746867  0.042815371762740174  0.021929824561403508  
 0  0.5451127819548871  0.262766290726817  0.042815371762740174  0.01958020050125314  
 0  0.5453738512949038  0.29331140350877194  0.04229323308270671  0.019580200501253107  
 0  0.5464181286549707  0.32424812030075184  0.04229323308270671  0.018796992481203034  
 0  0.5466791979949874  0.3559680451127819  0.04072681704260656  0.0180137844611529  
 0  0.5114348370927319  0.46365914786967416  0.041248955722639945  0.02036340852130324  
 0  0.5114348370927319  0.493812656641604  0.04333751044277363  0.0180137844611529  
 0  0.5122180451127819  0.5235745614035087  0.04177109440267333  0.0180137844611529  
 0  0.5122180451127818  0.5564692982456141  0.042815371762740174  0.021146616541353375  
 0  0.5132623224728488  0.5854479949874686  0.042815371762740174  0.019580200501253045  
 0  0.5132623224728488  0.6159931077694235  0.042815371762740174  0.021146616541353313  
 0  0.6103801169590642  0.5020363408521302  0.043859649122807015  0.018796992481203034  
 0  0.6114243943191311  0.53218984962406  0.042815371762740174  0.018013784461152836  
 0  0.6124686716791979  0.562734962406015  0.04281537176274026  0.018013784461152836  
 0  0.6127297410192146  0.5936716791979949  0.04229323308270679  0.018796992481203097  
 0  0.6145572263993316  0.6242167919799498  0.043859649122807015  0.02036340852130324  
