 0  0.39969715956558055  0.4033521303258145  0.045426065162907245  0.02036340852130324  
 0  0.4015246449456975  0.43585526315789475  0.043859649122807015  0.021146616541353375  
 0  0.4030910609857978  0.4664003759398495  0.043859649122807015  0.019580200501253107  
 0  0.4043964076858813  0.4957706766917293  0.04229323308270679  0.018796992481202972  
 0  0.40544068504594816  0.5274906015037594  0.041248955722639945  0.021146616541353375  
 0  0.40700710108604843  0.5576441102756892  0.04333751044277356  0.018796992481203034  
 0  0.5435463659147869  0.19854323308270674  0.042815371762740174  0.0180137844611529  
 0  0.5440685045948204  0.22987155388471175  0.043859649122807015  0.021146616541353407  
 0  0.5448517126148704  0.2615914786967418  0.04333751044277356  0.018796992481203003  
 0  0.5456349206349206  0.2925281954887217  0.042815371762740174  0.021146616541353375  
 0  0.5461570593149541  0.325422932330827  0.043859649122807015  0.021146616541353375  
 0  0.5464181286549707  0.3559680451127819  0.04229323308270671  0.0180137844611529  
 0  0.5109126984126984  0.4624843358395989  0.04229323308270679  0.021146616541353375  
 0  0.5116959064327485  0.49342105263157887  0.04177109440267341  0.02036340852130324  
 0  0.5119569757727652  0.5243577694235588  0.04333751044277356  0.021146616541353375  
 0  0.5124791144527986  0.5549028822055138  0.04229323308270671  0.021146616541353375  
 0  0.5135233918128655  0.5858395989974937  0.04229323308270671  0.02036340852130324  
 0  0.5135233918128655  0.6167763157894737  0.04229323308270671  0.021146616541353438  
 0  0.6106411862990809  0.5012531328320802  0.04438178780284048  0.021929824561403508  
 0  0.6111633249791144  0.5325814536340852  0.04333751044277363  0.02036340852130324  
 0  0.6119465329991646  0.5631265664160401  0.042815371762740174  0.018796992481203034  
 0  0.6132518796992481  0.5936716791979949  0.045426065162907245  0.021929824561403508  
 0  0.6142961570593148  0.6246083959899749  0.04333751044277356  0.021146616541353313  
