 0  0.40831244778613196  0.17034774436090222  0.043859649122807015  0.021146616541353375  
 0  0.40961779448621555  0.2020676691729323  0.04333751044277363  0.02036340852130327  
 0  0.40987886382623223  0.23300438596491224  0.04281537176274026  0.021146616541353375  
 0  0.4109231411862991  0.2631578947368421  0.043859649122807015  0.02036340852130324  
 0  0.4104010025062656  0.29605263157894735  0.042815371762740174  0.018796992481203034  
 0  0.4124895572263993  0.3258145363408521  0.042815371762740174  0.02036340852130324  
 0  0.5432852965747702  0.19854323308270674  0.04333751044277356  0.021146616541353375  
 0  0.5435463659147869  0.23104636591478694  0.04385964912280693  0.02036340852130324  
 0  0.5453738512949038  0.26198308270676685  0.04229323308270671  0.01958020050125314  
 0  0.5448517126148704  0.29331140350877194  0.04333751044277356  0.021146616541353375  
 0  0.5448517126148704  0.3246397243107769  0.04229323308270679  0.019580200501253107  
 0  0.5464181286549707  0.3555764411027568  0.041248955722639945  0.020363408521303302  
 0  0.5114348370927319  0.46287593984962405  0.041248955722639945  0.02036340852130324  
 0  0.5119569757727652  0.49420426065162903  0.04333751044277356  0.02036340852130324  
 0  0.5124791144527986  0.5243577694235588  0.04229323308270671  0.01958020050125317  
 0  0.5122180451127818  0.5556860902255638  0.042815371762740174  0.019580200501253107  
 0  0.5124791144527986  0.5850563909774434  0.04229323308270671  0.02036340852130324  
 0  0.5140455304928989  0.6167763157894737  0.04333751044277356  0.021146616541353438  
 0  0.6111633249791144  0.5012531328320802  0.0443817878028404  0.02036340852130324  
 0  0.6114243943191311  0.53218984962406  0.043859649122807015  0.021146616541353375  
 0  0.6127297410192146  0.562734962406015  0.04333751044277363  0.021146616541353375  
 0  0.6137740183792815  0.5936716791979949  0.0443817878028404  0.021929824561403508  
 0  0.6142961570593148  0.625  0.04333751044277356  0.018796992481203097  
