 0  0.4088345864661654  0.1699561403508772  0.042815371762740174  0.02036340852130327  
 0  0.4093567251461988  0.20167606516290726  0.043859649122807015  0.022713032581453643  
 0  0.4104010025062656  0.23300438596491224  0.042815371762740174  0.022713032581453643  
 0  0.41118421052631576  0.2639411027568922  0.04229323308270671  0.02036340852130324  
 0  0.4114452798663325  0.2948778195488722  0.042815371762740174  0.021146616541353375  
 0  0.4119674185463658  0.3262061403508772  0.042815371762740174  0.021146616541353375  
 0  0.4244987468671678  0.4323308270676691  0.042815371762740174  0.020363408521303302  
 0  0.4255430242272347  0.46287593984962405  0.043859649122807015  0.02036340852130324  
 0  0.42580409356725146  0.49342105263157887  0.04333751044277363  0.02036340852130324  
 0  0.4260651629072682  0.524749373433584  0.042815371762740174  0.018796992481203034  
 0  0.4260651629072682  0.5541196741854636  0.042815371762740174  0.019580200501253107  
 0  0.4260651629072681  0.5854479949874686  0.04177109440267333  0.021146616541353438  
 0  0.5438074352548036  0.19893483709273183  0.0443817878028404  0.021929824561403508  
 0  0.544329573934837  0.2294799498746867  0.041248955722639945  0.02036340852130327  
 0  0.5445906432748538  0.262766290726817  0.04490392648287386  0.021146616541353375  
 0  0.5453738512949038  0.2925281954887217  0.04229323308270671  0.022713032581453643  
 0  0.5466791979949874  0.32424812030075184  0.04490392648287378  0.02036340852130324  
 0  0.5469402673350041  0.35635964912280704  0.04333751044277356  0.020363408521303302  
 0  0.5487677527151211  0.41823308270676685  0.043859649122807015  0.02036340852130324  
 0  0.5490288220551377  0.44916979949874686  0.0443817878028404  0.021146616541353375  
 0  0.549812030075188  0.47971491228070173  0.042815371762740174  0.021146616541353375  
 0  0.5492898913951545  0.5122180451127819  0.043859649122807015  0.021929824561403508  
 0  0.549812030075188  0.5415883458646616  0.043859649122807015  0.01958020050125317  
