 0  0.4093567251461988  0.168781328320802  0.042815371762740174  0.019580200501253107  
 0  0.41013993316624886  0.20089285714285712  0.04333751044277363  0.021146616541353375  
 0  0.41013993316624886  0.2326127819548872  0.0443817878028404  0.021929824561403508  
 0  0.4109231411862991  0.2635494987468671  0.04177109440267333  0.021146616541353375  
 0  0.4117063492063492  0.29526942355889724  0.045426065162907245  0.02036340852130324  
 0  0.41222848788638256  0.3265977443609022  0.04542606516290733  0.021929824561403508  
 0  0.4255430242272347  0.431547619047619  0.042815371762740174  0.021929824561403508  
 0  0.42580409356725146  0.4620927318295739  0.0443817878028404  0.02036340852130324  
 0  0.4255430242272347  0.49224624060150374  0.043859649122807015  0.02271303258145358  
 0  0.42658730158730157  0.524749373433584  0.04177109440267333  0.020363408521303302  
 0  0.42632623224728483  0.5541196741854636  0.04333751044277356  0.022713032581453643  
 0  0.42632623224728483  0.5846647869674185  0.04333751044277356  0.021146616541353313  
 0  0.5435463659147869  0.19932644110275688  0.042815371762740174  0.01958020050125314  
 0  0.5440685045948204  0.2306547619047619  0.04072681704260656  0.01958020050125314  
 0  0.5451127819548871  0.26198308270676685  0.042815371762740174  0.01958020050125314  
 0  0.5453738512949038  0.29370300751879697  0.041248955722639945  0.021929824561403508  
 0  0.5456349206349206  0.3246397243107769  0.042815371762740174  0.019580200501253107  
 0  0.5472013366750208  0.3559680451127819  0.042815371762740174  0.01958020050125317  
 0  0.5482456140350876  0.4186246867167919  0.043859649122807015  0.021146616541353375  
 0  0.5485066833751043  0.4487781954887217  0.04333751044277356  0.020363408521303302  
 0  0.548767752715121  0.4808897243107769  0.04490392648287386  0.021929824561403508  
 0  0.5492898913951545  0.5114348370927317  0.04490392648287386  0.02036340852130324  
 0  0.550595238095238  0.5427631578947367  0.04333751044277356  0.021929824561403508  
