 0  0.3913429406850459  0.17465538847117792  0.05378028404344197  0.023496240601503748  
 0  0.39238721804511273  0.21303258145363407  0.05378028404344197  0.025062656641604016  
 0  0.3934314954051796  0.2545426065162907  0.05273600668337508  0.025062656641604016  
 0  0.3949979114452798  0.29487781954887216  0.05378028404344197  0.025845864661654117  
 0  0.3970864661654135  0.3340382205513784  0.05378028404344197  0.02427944862155385  
 0  0.3986528822055137  0.37241541353383456  0.05273600668337508  0.02427944862155385  
 0  0.40491854636591473  0.431547619047619  0.05169172932330823  0.025062656641603984  
 0  0.40596282372598164  0.4699248120300752  0.055868838763575616  0.025062656641603984  
 0  0.4083124477861319  0.5086936090225563  0.0522138680033417  0.025845864661654117  
 0  0.40987886382623223  0.5478540100250626  0.052213868003341615  0.025845864661654117  
 0  0.41144527986633245  0.5850563909774434  0.05430242272347531  0.028195488721804458  
 0  0.4124895572263993  0.6226503759398496  0.052213868003341615  0.028195488721804458  
 0  0.5109126984126984  0.1542919799498747  0.05273600668337508  0.023496240601503748  
 0  0.5111737677527151  0.19462719298245615  0.05430242272347531  0.02427944862155388  
 0  0.5135233918128655  0.23535401002506262  0.05378028404344193  0.025845864661654148  
 0  0.5140455304928988  0.2764724310776942  0.05378028404344193  0.026629072681704283  
 0  0.5158730158730158  0.31406641604010027  0.05430242272347531  0.026629072681704252  
 0  0.5161340852130325  0.3771146616541354  0.05378028404344193  0.022713032581453643  
 0  0.5184837092731829  0.4166666666666667  0.052213868003341615  0.026629072681704252  
 0  0.5190058479532164  0.4546522556390977  0.0522138680033417  0.022713032581453643  
 0  0.5210944026733499  0.49185463659147866  0.053258145363408546  0.025062656641603984  
 0  0.522921888053467  0.53140664160401  0.05273600668337508  0.027412280701754384  
 0  0.523705096073517  0.5701754385964912  0.05116959064327485  0.026629072681704252  
