 0  0.39080071974808817  0.17431399010346377  0.05435597540860703  0.025303643724696345  
 0  0.39173789173789175  0.21437809266756633  0.05341880341880343  0.025303643724696345  
 0  0.393377942720048  0.25549651372019794  0.05388738941370521  0.026006522717049015  
 0  0.3950179937022042  0.29415485829959515  0.05435597540860699  0.024600764732343704  
 0  0.39618945868945865  0.33316464237516863  0.05388738941370517  0.025303643724696314  
 0  0.39876668166141843  0.37252586594691856  0.05248163142899983  0.025303643724696376  
 0  0.40462400659769077  0.43051338281601437  0.05201304543409809  0.023195006747638303  
 0  0.406264057579847  0.4691717273954116  0.05248163142899987  0.027412280701754384  
 0  0.4079041085620033  0.5078300719748088  0.05295021742390157  0.026006522717049046  
 0  0.40977845254161044  0.5475427350427351  0.05201304543409809  0.026709401709401715  
 0  0.4118870895186685  0.5854982006297796  0.05435597540860699  0.026709401709401715  
 0  0.4123556755135702  0.6234536662168241  0.05435597540860699  0.026709401709401715  
 0  0.510758734442945  0.15428193882141247  0.05341880341880343  0.023195006747638334  
 0  0.5116959064327485  0.1946974808816914  0.05248163142899987  0.023897885739991003  
 0  0.5131016644174539  0.23546446243814662  0.05248163142899987  0.023897885739991003  
 0  0.5142731294047084  0.27588000449842554  0.05388738941370521  0.027412280701754384  
 0  0.5154445943919628  0.31488978857399913  0.05154445943919631  0.028115159694107057  
 0  0.5163817663817664  0.3763917004048583  0.05248163142899987  0.024600764732343704  
 0  0.5187246963562753  0.41505004498425546  0.05154445943919623  0.027412280701754384  
 0  0.5198961613435298  0.4537083895636527  0.05295021742390165  0.024600764732343704  
 0  0.521536212325686  0.49236673414304993  0.05248163142899987  0.02460076473234364  
 0  0.5222390913180387  0.5320793972109761  0.05201304543409809  0.026709401709401715  
 0  0.5241134352976458  0.5707377417903734  0.05201304543409809  0.02811515969410712  
