 0  0.3999834936804377  0.2639537351443124  0.05246651575174498  0.023875212224108665  
 0  0.40263629503867193  0.30286148839841537  0.05305602716468594  0.02564374646293151  
 0  0.40381531786455394  0.34132710809281264  0.05305602716468594  0.028296547821165825  
 0  0.4058786078098472  0.3833297962648557  0.05482456140350877  0.023875212224108697  
 0  0.40941567628749287  0.42223754951895864  0.05600358422939069  0.02918081494057726  
 0  0.41029994340690434  0.45981890209394455  0.054235049990567774  0.028296547821165825  
 0  0.41206847764572724  0.5066850594227504  0.051877004338804024  0.026528013582342948  
 0  0.4144265232974911  0.5469192133559706  0.05187700433880394  0.02564374646293151  
 0  0.4161950575363139  0.5845005659309563  0.053056027164685854  0.028296547821165887  
 0  0.4173740803621958  0.6234083191850593  0.05305602716468594  0.024759479343520133  
 0  0.4194373703074891  0.6601054046406338  0.052466515751744935  0.023875212224108634  
 0  0.4209111488398415  0.6990131578947368  0.05305602716468594  0.027412280701754384  
 0  0.52495991322392  0.2475947934352009  0.05482456140350877  0.026528013582342948  
 0  0.5264336917562724  0.2873868138087154  0.054235049990567774  0.026528013582342948  
 0  0.5282022259950953  0.3262945670628184  0.05541407281644977  0.028296547821165825  
 0  0.5299707602339181  0.36697085455574413  0.05541407281644969  0.028296547821165825  
 0  0.5320340501792115  0.40587860780984714  0.053645538577626856  0.030065082059988698  
 0  0.5338025844180343  0.4611453027730617  0.052466515751744935  0.02564374646293151  
 0  0.53733965289568  0.49916878890775324  0.053645538577626856  0.027412280701754384  
 0  0.5382239200150915  0.5363080079230333  0.054235049990567774  0.027412280701754384  
 0  0.5388134314280325  0.5743314940577249  0.05541407281644969  0.027412280701754322  
 0  0.5411714770797962  0.6123549801924165  0.05305602716468594  0.02564374646293151  
 0  0.5423504999056782  0.6508205998868137  0.05305602716468594  0.028296547821165887  
