 0  0.39968873797396715  0.26395373514431236  0.05187700433880398  0.02564374646293151  
 0  0.40263629503867193  0.3024193548387097  0.05541407281644977  0.024759479343520133  
 0  0.40469958498396535  0.3417692416525184  0.053645538577626856  0.02564374646293151  
 0  0.40676287492925867  0.3824455291454443  0.051877004338804024  0.02564374646293151  
 0  0.4079418977551405  0.42223754951895864  0.05187700433880394  0.027412280701754384  
 0  0.41118421052631576  0.45981890209394455  0.05364553857762694  0.02475947934352007  
 0  0.4132475004716091  0.5093378607809848  0.05187700433880394  0.026528013582342948  
 0  0.4144265232974911  0.5460349462365591  0.05305602716468594  0.02564374646293151  
 0  0.4161950575363138  0.5840584323712507  0.050697981512922104  0.027412280701754384  
 0  0.4182583474816073  0.6234083191850593  0.05128749292586302  0.026528013582342885  
 0  0.42002688172043007  0.6609896717600452  0.05128749292586302  0.02564374646293151  
 0  0.4215006602527825  0.6990131578947368  0.051877004338804024  0.027412280701754384  
 0  0.52495991322392  0.2475947934352009  0.05482456140350877  0.028296547821165825  
 0  0.5273179588756839  0.2860604131295982  0.051287492925863105  0.027412280701754384  
 0  0.5287917374080362  0.3276209677419355  0.053056027164685854  0.02918081494057726  
 0  0.5299707602339181  0.36608658743633277  0.053056027164685854  0.024759479343520133  
 0  0.5320340501792115  0.40676287492925867  0.053645538577626856  0.028296547821165825  
