 0  0.40021929824561403  0.2635494987468671  0.05378028404344193  0.025845864661654117  
 0  0.40335213032581446  0.30310150375939854  0.05273600668337508  0.026629072681704252  
 0  0.4041353383458646  0.3434367167919799  0.053258145363408546  0.02427944862155391  
 0  0.40752923976608185  0.38220551378446116  0.05169172932330823  0.025062656641603984  
 0  0.4088345864661654  0.4205827067669173  0.055346700083542234  0.025062656641603984  
 0  0.41118421052631576  0.4593515037593984  0.050647451963241476  0.027412280701754384  
 0  0.4130116959064328  0.5075187969924811  0.0522138680033417  0.025062656641603984  
 0  0.41379490392648277  0.5466791979949874  0.05169172932330823  0.025062656641603984  
 0  0.41588345864661647  0.5842731829573935  0.05273600668337508  0.028195488721804458  
 0  0.41718880534670005  0.6242167919799498  0.05116959064327485  0.025062656641604047  
 0  0.4187552213868004  0.6610275689223056  0.0522138680033417  0.02662907268170419  
 0  0.42084377610693396  0.6986215538847117  0.05116959064327485  0.026629072681704315  
 0  0.5252715121136173  0.24631892230576438  0.05325814536340846  0.028978696741854625  
 0  0.5268379281537175  0.28665413533834583  0.055346700083542234  0.025062656641604016  
 0  0.5284043441938179  0.3265977443609022  0.0522138680033417  0.025062656641604047  
 0  0.5297096908939014  0.36654135338345856  0.05169172932330823  0.025062656641603984  
 0  0.5315371762740183  0.4053101503759398  0.0522138680033417  0.025845864661654117  
