 0  0.3680742989953516  0.16025641025641024  0.05388738941370521  0.022492127755285665  
 0  0.3708858149647623  0.20067195231668913  0.05482456140350873  0.024600764732343672  
 0  0.3729944519418204  0.24143893387314438  0.0552931473984106  0.026006522717049046  
 0  0.3755716749137802  0.2808001574448943  0.05295021742390165  0.026006522717049046  
 0  0.37838319088319083  0.31840418353576244  0.05295021742390161  0.025303643724696376  
 0  0.3800232418653471  0.35776540710751237  0.05341880341880339  0.026709401709401715  
 0  0.3854119808067176  0.41083277103013943  0.05388738941370521  0.024600764732343704  
 0  0.3865834457939721  0.44843679712100765  0.05154445943919627  0.025303643724696376  
 0  0.38869208277103007  0.48639226270805214  0.05107587344429449  0.023897885739990972  
 0  0.3908007197480881  0.5264563652721547  0.05248163142899983  0.022492127755285633  
 0  0.3931436497225971  0.5630060728744939  0.05248163142899987  0.025303643724696376  
 0  0.3950179937022042  0.6027187359424202  0.05248163142899987  0.026006522717049046  
 0  0.49552968960863697  0.31629554655870445  0.05388738941370521  0.029520917678812396  
 0  0.49857549857549854  0.355305330634278  0.05341880341880343  0.026006522717049046  
 0  0.5011527215474584  0.39326079622132254  0.05482456140350877  0.028818038686459727  
 0  0.5030270655270656  0.43437921727395407  0.05482456140350877  0.029520917678812396  
 0  0.5051357025041235  0.472686122357175  0.05060728744939275  0.030223796671165065  
