 0  0.36830859199280247  0.15920209176788122  0.05248163142899983  0.024600764732343672  
 0  0.3704172289698605  0.1982118758434548  0.05388738941370517  0.026709401709401715  
 0  0.3725258659469186  0.2396817363922627  0.05435597540860703  0.026709401709401715  
 0  0.3760402609086819  0.2779886414754835  0.05295021742390165  0.027412280701754353  
 0  0.3779146048882891  0.3191070625281151  0.05482456140350877  0.028115159694107057  
 0  0.3800232418653471  0.35846828609986503  0.05248163142899983  0.028115159694107057  
 0  0.3854119808067176  0.4104813315339631  0.05295021742390165  0.025303643724696376  
 0  0.38564627380416855  0.448788236617184  0.05248163142899987  0.027412280701754384  
 0  0.3893949617633828  0.48604082321187586  0.05154445943919627  0.027412280701754384  
 0  0.3908007197480881  0.5250506072874493  0.05248163142899983  0.026709401709401715  
 0  0.393377942720048  0.5623031938821412  0.05295021742390165  0.028115159694107057  
 0  0.3945494077073024  0.6023672964462439  0.05248163142899987  0.026709401709401715  
 0  0.4943582246213825  0.3131325910931174  0.05341880341880343  0.027412280701754384  
 0  0.4978726195831459  0.35354813315339634  0.05107587344429453  0.02952091767881246  
 0  0.5006841355525566  0.39326079622132254  0.05388738941370521  0.031629554655870404  
 0  0.5025584795321637  0.43402777777777773  0.05107587344429453  0.028818038686459727  
 0  0.5053699955015745  0.47022604588394057  0.05201304543409809  0.025303643724696314  
