 0  0.3668024227234753  0.16173245614035087  0.05691311612364242  0.02427944862155388  
 0  0.3717627401837928  0.20010964912280702  0.05430242272347535  0.025845864661654148  
 0  0.37359022556390975  0.24161967418546362  0.05482456140350881  0.025845864661654117  
 0  0.37489557226399334  0.27960526315789475  0.054302422723475394  0.029761904761904757  
 0  0.37750626566416035  0.318765664160401  0.054302422723475394  0.029761904761904788  
 0  0.38011695906432746  0.3583176691729323  0.05430242272347535  0.028978696741854593  
 0  0.38481620718462817  0.4107926065162907  0.0522138680033417  0.027412280701754384  
 0  0.3871658312447786  0.4487781954887217  0.051691729323308316  0.02819548872180452  
 0  0.38899331662489556  0.487546992481203  0.05012531328320797  0.028978696741854656  
 0  0.3913429406850459  0.525532581453634  0.05273600668337508  0.02819548872180452  
 0  0.39264828738512947  0.56312656641604  0.053258145363408546  0.028195488721804458  
 0  0.39473684210526316  0.6022869674185463  0.05116959064327489  0.02662907268170419  
 0  0.4952485380116958  0.3164160401002506  0.05482456140350877  0.029761904761904726  
 0  0.49759816207184626  0.35518483709273185  0.053258145363408546  0.032111528822055126  
 0  0.4991645781119465  0.39473684210526316  0.053258145363408546  0.029761904761904788  
 0  0.5028195488721804  0.4323308270676691  0.05116959064327485  0.02819548872180452  
 0  0.5056913116123642  0.4710996240601503  0.05273600668337508  0.032111528822055126  
 0  0.5043859649122807  0.5294486215538846  0.0522138680033417  0.02819548872180452  
 0  0.5067355889724311  0.5670426065162907  0.051691729323308316  0.028195488721804583  
 0  0.510390559732665  0.6046365914786966  0.051691729323308316  0.028195488721804458  
 0  0.5116959064327484  0.6414473684210527  0.05116959064327485  0.028195488721804458  
 0  0.5143065998329155  0.6821741854636592  0.05325814536340846  0.03289473684210526  
