 0  0.3683688387635755  0.16055764411027565  0.05482456140350873  0.029761904761904757  
 0  0.3704573934837092  0.2020676691729323  0.05378028404344197  0.03289473684210526  
 0  0.37306808688387627  0.24005325814536335  0.05273600668337508  0.028978696741854625  
 0  0.3756787802840434  0.27999686716791977  0.051691729323308275  0.02427944862155388  
 0  0.3777673350041771  0.31954887218045114  0.05273600668337508  0.026629072681704252  
 0  0.38037802840434415  0.3583176691729323  0.05378028404344197  0.028978696741854593  
 0  0.3842940685045948  0.4100093984962406  0.05221386800334166  0.028978696741854656  
 0  0.3871658312447786  0.4476033834586466  0.05378028404344189  0.028978696741854656  
 0  0.3895154553049289  0.487546992481203  0.053258145363408504  0.025845864661654117  
 0  0.39108187134502925  0.525532581453634  0.0522138680033417  0.02819548872180452  
 0  0.3936925647451963  0.5646929824561403  0.05221386800334166  0.026629072681704252  
 0  0.3957811194653299  0.6022869674185463  0.0522138680033417  0.02662907268170419  
 0  0.49550960735171257  0.3156328320802005  0.053258145363408546  0.031328320802005  
 0  0.49812030075187963  0.35479323308270677  0.054302422723475394  0.02819548872180452  
 0  0.4999477861319966  0.3927788220551378  0.05378028404344193  0.028978696741854656  
 0  0.5033416875522138  0.4327224310776942  0.05325814536340846  0.027412280701754384  
 0  0.5054302422723475  0.47149122807017546  0.053258145363408546  0.02819548872180452  
 0  0.5054302422723475  0.5290570175438596  0.0522138680033417  0.028978696741854656  
 0  0.5072577276524645  0.5674342105263158  0.05273600668337508  0.028978696741854656  
 0  0.5101294903926482  0.6034617794486216  0.053258145363408546  0.02271303258145358  
 0  0.5122180451127819  0.6414473684210527  0.05116959064327485  0.026629072681704315  
 0  0.5137844611528821  0.6806077694235588  0.053258145363408546  0.025062656641604047  
