 0  0.3673245614035088  0.16094924812030073  0.05482456140350881  0.025845864661654117  
 0  0.3701963241436925  0.1997180451127819  0.054302422723475394  0.026629072681704283  
 0  0.37306808688387627  0.23966165413533833  0.05273600668337508  0.029761904761904757  
 0  0.3762009189640768  0.2796052631578947  0.05378028404344189  0.02819548872180452  
 0  0.37802840434419377  0.31915726817042606  0.05116959064327485  0.02427944862155385  
 0  0.3806390977443609  0.3594924812030074  0.05221386800334166  0.026629072681704252  
 0  0.3801169590643274  0.4468201754385964  0.053258145363408504  0.027412280701754384  
 0  0.3819444444444444  0.4848057644110275  0.05378028404344193  0.025062656641604047  
 0  0.3829887218045112  0.5227913533834586  0.05378028404344193  0.028978696741854593  
 0  0.3842940685045948  0.5623433583959899  0.05221386800334166  0.025062656641603984  
 0  0.385860484544695  0.5991541353383457  0.04908103592314116  0.028195488721804458  
 0  0.38742690058479534  0.6383145363408521  0.0522138680033417  0.02662907268170419  
 0  0.4848057644110275  0.20833333333333334  0.05273600668337508  0.025062656641604016  
 0  0.4884607351712614  0.24631892230576438  0.05378028404344193  0.027412280701754384  
 0  0.4895050125313283  0.2850877192982456  0.05378028404344193  0.02819548872180452  
 0  0.492376775271512  0.3273809523809524  0.05639097744360908  0.02819548872180452  
 0  0.49394319131161235  0.36614974937343353  0.053258145363408546  0.025845864661654117  
 0  0.4876775271512113  0.4248903508771929  0.053258145363408546  0.025845864661654117  
 0  0.489766081871345  0.4624843358395989  0.05325814536340846  0.027412280701754384  
 0  0.4921157059314953  0.50046992481203  0.05378028404344193  0.028195488721804458  
 0  0.4934210526315789  0.5372807017543859  0.0522138680033417  0.02819548872180452  
 0  0.49550960735171257  0.5764411027568922  0.05430242272347531  0.028195488721804583  
 0  0.4978592314118629  0.6148182957393483  0.052736006683375164  0.028195488721804583  
