 0  0.3681077694235589  0.16134085213032578  0.053258145363408546  0.025062656641604016  
 0  0.37097953216374263  0.20089285714285712  0.05378028404344193  0.027412280701754384  
 0  0.3735902255639097  0.24161967418546362  0.05378028404344193  0.028978696741854656  
 0  0.3754177109440267  0.28038847117794485  0.053258145363408546  0.02819548872180452  
 0  0.37802840434419377  0.31954887218045114  0.053258145363408546  0.026629072681704252  
 0  0.3806390977443609  0.35910087719298245  0.053258145363408546  0.028978696741854593  
 0  0.3798558897243108  0.44721177944862145  0.05482456140350877  0.02819548872180452  
 0  0.38168337510442774  0.48519736842105254  0.05221386800334166  0.027412280701754384  
 0  0.3835108604845447  0.5235745614035087  0.05378028404344189  0.027412280701754384  
 0  0.3845551378446114  0.5615601503759398  0.05378028404344193  0.026629072681704252  
 0  0.38690476190476186  0.6011121553884711  0.05221386800334174  0.02897869674185453  
 0  0.38768796992481197  0.6394893483709273  0.05273600668337508  0.027412280701754384  
 0  0.4861111111111111  0.20833333333333334  0.05325814536340846  0.029761904761904757  
 0  0.4874164578111946  0.24749373433583954  0.05378028404344201  0.029761904761904757  
 0  0.4892439431913116  0.2866541353383459  0.053258145363408546  0.02819548872180452  
 0  0.4918546365914787  0.3273809523809524  0.0522138680033417  0.025062656641603984  
 0  0.49342105263157887  0.3669329573934837  0.05116959064327485  0.025845864661654117  
 0  0.48637218045112784  0.4237155388471178  0.055868838763575616  0.026629072681704252  
 0  0.489766081871345  0.4640507518796992  0.0522138680033417  0.027412280701754384  
 0  0.4921157059314954  0.500078320802005  0.051691729323308316  0.027412280701754384  
 0  0.4936821219715956  0.5361058897243107  0.05273600668337508  0.025845864661654117  
 0  0.4965538847117794  0.5760494987468671  0.053258145363408546  0.02427944862155385  
 0  0.4978592314118629  0.6144266917293232  0.05378028404344193  0.02427944862155385  
