 0  0.362625313283208  0.17113095238095236  0.05482456140350877  0.022713032581453643  
 0  0.3631474519632414  0.2114661654135338  0.05482456140350877  0.025062656641604016  
 0  0.3665413533834586  0.250234962406015  0.054302422723475394  0.025845864661654117  
 0  0.3683688387635756  0.2905701754385965  0.05273600668337512  0.025062656641603984  
 0  0.3691520467836257  0.3301221804511278  0.05325814536340846  0.022713032581453643  
 0  0.3709795321637427  0.3696741854636591  0.05482456140350881  0.025062656641604047  
 0  0.37646198830409355  0.43781328320802  0.0522138680033417  0.025062656641603984  
 0  0.3772451963241436  0.4765820802005012  0.05169172932330823  0.02427944862155385  
 0  0.3772451963241436  0.5149592731829573  0.05169172932330823  0.022713032581453643  
 0  0.3785505430242272  0.5533364661654135  0.05116959064327481  0.025845864661654054  
 0  0.37855054302422725  0.5921052631578947  0.0522138680033417  0.02349624060150378  
 0  0.3790726817042606  0.6304824561403509  0.05221386800334166  0.02349624060150378  
 0  0.4840225563909774  0.162515664160401  0.053258145363408546  0.02427944862155388  
 0  0.4850668337510442  0.2020676691729323  0.054302422723475394  0.023496240601503748  
 0  0.48585004177109437  0.2431860902255639  0.05378028404344193  0.022713032581453612  
 0  0.4866332497911445  0.28273809523809523  0.053258145363408546  0.025062656641604016  
 0  0.48689431913116116  0.32268170426065157  0.052736006683375164  0.023496240601503716  
 0  0.48637218045112773  0.456218671679198  0.05273600668337508  0.022713032581453643  
 0  0.4876775271512113  0.4945958646616541  0.05534670008354215  0.02427944862155391  
 0  0.4892439431913116  0.53218984962406  0.053258145363408546  0.02427944862155391  
 0  0.4900271512113617  0.5697838345864661  0.05482456140350877  0.02427944862155391  
 0  0.4921157059314954  0.6085526315789473  0.05482456140350877  0.026629072681704315  
 0  0.4928989139515455  0.6488878446115287  0.05430242272347531  0.02427944862155385  
