 0  0.3623642439431913  0.17152255639097744  0.05430242272347531  0.02349624060150378  
 0  0.3647138680033416  0.21029135338345864  0.05482456140350873  0.027412280701754384  
 0  0.36628028404344193  0.2510181704260651  0.05482456140350877  0.025845864661654148  
 0  0.36784670008354214  0.2925281954887218  0.055868838763575575  0.027412280701754416  
 0  0.36993525480367584  0.3305137844611529  0.05273600668337512  0.025062656641603984  
 0  0.37150167084377606  0.36849937343358397  0.055868838763575575  0.027412280701754384  
 0  0.48480576441102746  0.162515664160401  0.05378028404344193  0.02427944862155388  
 0  0.48532790309106094  0.20363408521303256  0.05378028404344193  0.025062656641603984  
 0  0.48585004177109437  0.24240288220551376  0.05482456140350877  0.022713032581453643  
 0  0.4866332497911445  0.2843045112781954  0.05430242272347531  0.026629072681704252  
 0  0.4871553884711779  0.3215068922305764  0.053258145363408546  0.02427944862155391  
 0  0.49315998329156224  0.4186246867167919  0.05482456140350877  0.022713032581453643  
 0  0.49315998329156224  0.4589598997493734  0.05378028404344193  0.023496240601503716  
 0  0.49472639933166246  0.4938126566416039  0.05378028404344201  0.02427944862155391  
 0  0.4952485380116959  0.531798245614035  0.050647451963241476  0.02349624060150378  
 0  0.4965538847117794  0.5709586466165413  0.055346700083542234  0.025062656641604047  
 0  0.49707602339181284  0.6097274436090225  0.05325814536340846  0.02427944862155385  
