 0  0.3621031746031746  0.17113095238095236  0.05378028404344193  0.02427944862155388  
 0  0.3636695906432748  0.2114661654135338  0.055868838763575616  0.023496240601503748  
 0  0.3660192147034252  0.2506265664160401  0.05534670008354219  0.025062656641604016  
 0  0.3675856307435254  0.2905701754385965  0.053258145363408504  0.025062656641603984  
 0  0.3694131161236424  0.3297305764411027  0.05378028404344193  0.025062656641603984  
 0  0.3709795321637427  0.369282581453634  0.05273600668337512  0.02427944862155391  
 0  0.48532790309106094  0.16290726817042606  0.05378028404344193  0.025062656641603984  
 0  0.4845446950710108  0.20245927318295737  0.05430242272347531  0.02427944862155388  
 0  0.48637218045112773  0.2431860902255639  0.05273600668337508  0.022713032581453612  
 0  0.4866332497911445  0.2831296992481203  0.053258145363408546  0.025845864661654148  
 0  0.4866332497911445  0.32189849624060146  0.055346700083542234  0.025062656641603984  
 0  0.492376775271512  0.4186246867167919  0.054302422723475394  0.02584586466165418  
 0  0.49315998329156224  0.45778508771929827  0.05378028404344193  0.022713032581453643  
 0  0.49472639933166246  0.49498746867167914  0.05378028404344201  0.021929824561403508  
 0  0.4949874686716792  0.5310150375939849  0.053258145363408546  0.02349624060150378  
 0  0.4962928153717627  0.5701754385964911  0.05378028404344193  0.025062656641603984  
 0  0.49681495405179615  0.6105106516290726  0.05378028404344193  0.02427944862155385  
