 0  0.362625313283208  0.1719141604010025  0.05482456140350877  0.022713032581453643  
 0  0.36419172932330823  0.21029135338345864  0.055868838763575575  0.025845864661654148  
 0  0.36628028404344193  0.2514097744360902  0.05482456140350877  0.023496240601503748  
 0  0.3675856307435254  0.2909617794486215  0.056390977443609  0.02427944862155388  
 0  0.368890977443609  0.3297305764411027  0.05482456140350877  0.025062656641603984  
 0  0.37124060150375937  0.3696741854636591  0.054302422723475394  0.028195488721804458  
 0  0.37646198830409355  0.4499530075187969  0.0522138680033417  0.02427944862155391  
 0  0.3769841269841269  0.4895050125313283  0.05430242272347535  0.025062656641604047  
 0  0.3782894736842105  0.5263157894736842  0.055868838763575616  0.02819548872180452  
 0  0.3798558897243108  0.5662593984962405  0.05482456140350877  0.02819548872180452  
 0  0.38168337510442774  0.6034617794486216  0.055346700083542234  0.025845864661654117  
 0  0.38324979114452795  0.6426221804511276  0.05430242272347531  0.02271303258145358  
 0  0.4915935672514619  0.4178414786967418  0.05482456140350877  0.025845864661654117  
 0  0.4934210526315789  0.4554354636591478  0.05534670008354215  0.022713032581453643  
 0  0.4944653299916457  0.4945958646616541  0.054302422723475394  0.022713032581453643  
 0  0.4957706766917293  0.53140664160401  0.05273600668337508  0.02427944862155391  
 0  0.49707602339181284  0.5713502506265664  0.054302422723475394  0.02427944862155391  
 0  0.49707602339181284  0.6089442355889724  0.0522138680033417  0.02427944862155385  
