 0  0.36288638262322465  0.17152255639097744  0.053258145363408504  0.02349624060150378  
 0  0.36497493734335834  0.21068295739348367  0.053258145363408504  0.023496240601503748  
 0  0.36706349206349204  0.24945175438596492  0.056390977443609  0.02427944862155388  
 0  0.3673245614035088  0.2909617794486215  0.05273600668337512  0.022713032581453612  
 0  0.3704573934837092  0.3297305764411027  0.051691729323308275  0.023496240601503716  
 0  0.37202380952380953  0.36810776942355883  0.05273600668337512  0.025062656641603984  
 0  0.3756787802840434  0.450344611528822  0.051691729323308275  0.021929824561403508  
 0  0.37724519632414366  0.48793859649122806  0.05273600668337512  0.025062656641603984  
 0  0.3790726817042606  0.5270989974937342  0.05221386800334166  0.025062656641604047  
 0  0.3806390977443609  0.5662593984962405  0.05221386800334166  0.025062656641603984  
 0  0.38220551378446116  0.6042449874686716  0.0522138680033417  0.02427944862155385  
 0  0.38324979114452795  0.6418389724310777  0.053258145363408504  0.02271303258145358  
 0  0.4918546365914787  0.4178414786967418  0.0522138680033417  0.019580200501253107  
 0  0.49263784461152876  0.45739348370927313  0.05378028404344193  0.025062656641604047  
 0  0.4934210526315789  0.49420426065162903  0.05325814536340846  0.02349624060150378  
 0  0.4949874686716792  0.5310150375939849  0.056390977443609  0.02819548872180452  
 0  0.4962928153717627  0.5697838345864661  0.05378028404344193  0.027412280701754384  
 0  0.49838137009189637  0.6085526315789473  0.051691729323308316  0.02349624060150378  
