 0  0.3258145363408521  0.09046052631578948  0.056390977443609  0.024279448621553897  
 0  0.3281641604010025  0.13040413533834586  0.055868838763575616  0.027412280701754384  
 0  0.33025271512113613  0.17034774436090222  0.05378028404344193  0.022713032581453612  
 0  0.33286340852130325  0.21185776942355888  0.05378028404344193  0.025845864661654117  
 0  0.33521303258145363  0.2514097744360902  0.053258145363408504  0.025062656641604016  
 0  0.37567878028404345  0.4487781954887217  0.05273600668337512  0.023496240601503716  
 0  0.37802840434419377  0.48833020050125303  0.05430242272347535  0.021146616541353375  
 0  0.3790726817042606  0.5259241854636592  0.05639097744360904  0.025845864661654117  
 0  0.3806390977443609  0.5646929824561403  0.05221386800334166  0.02192982456140357  
 0  0.38168337510442774  0.6030701754385965  0.053258145363408546  0.025062656641603922  
 0  0.38298872180451127  0.6414473684210527  0.05273600668337512  0.025062656641603922  
 0  0.492376775271512  0.4178414786967418  0.054302422723475394  0.025845864661654117  
 0  0.4928989139515455  0.45582706766917286  0.053258145363408546  0.021929824561403508  
 0  0.494204260651629  0.49302944862155385  0.052736006683375164  0.022713032581453643  
 0  0.494204260651629  0.5310150375939849  0.05169172932330823  0.02349624060150378  
 0  0.4952485380116959  0.5697838345864661  0.052736006683375164  0.02427944862155391  
 0  0.49707602339181284  0.6085526315789473  0.054302422723475394  0.025062656641603922  
