 0  0.32633667502088554  0.09046052631578948  0.053258145363408546  0.022713032581453626  
 0  0.3279030910609858  0.13001253132832077  0.05639097744360904  0.026629072681704252  
 0  0.32973057644110276  0.1707393483709273  0.05273600668337512  0.02819548872180452  
 0  0.3318191311612364  0.212640977443609  0.05378028404344193  0.02427944862155388  
 0  0.3354741019214703  0.2510181704260651  0.05482456140350877  0.025845864661654148  
 0  0.37593984962406013  0.4515194235588972  0.05221386800334174  0.02427944862155391  
 0  0.3769841269841269  0.48833020050125303  0.053258145363408546  0.02427944862155391  
 0  0.3798558897243108  0.5267073934837092  0.050647451963241434  0.025845864661654117  
 0  0.38037802840434415  0.5662593984962405  0.05378028404344197  0.025062656641603984  
 0  0.381422305764411  0.6034617794486214  0.05378028404344197  0.02427944862155385  
 0  0.3835108604845447  0.6426221804511276  0.05273600668337512  0.025845864661654117  
 0  0.4921157059314954  0.4186246867167919  0.05482456140350877  0.02427944862155391  
 0  0.49315998329156224  0.45700187969924805  0.05482456140350877  0.02427944862155391  
 0  0.494204260651629  0.49498746867167914  0.052736006683375164  0.02349624060150378  
 0  0.4957706766917292  0.5310150375939849  0.05378028404344193  0.025062656641603984  
 0  0.49603174603174593  0.5701754385964912  0.05325814536340846  0.02192982456140357  
 0  0.4973370927318295  0.6077694235588972  0.05482456140350877  0.021929824561403508  
