 0  0.34931077694235585  0.24279448621553884  0.054302422723475394  0.021929824561403508  
 0  0.3508771929824561  0.2807800751879699  0.05430242272347535  0.022713032581453612  
 0  0.35192147034252297  0.32111528822055135  0.05534670008354215  0.025062656641604047  
 0  0.35427109440267335  0.36027568922305764  0.055868838763575575  0.026629072681704252  
 0  0.3560985797827903  0.3994360902255638  0.055346700083542234  0.025062656641603984  
 0  0.4991645781119465  0.42332393483709274  0.053258145363408546  0.025845864661654117  
 0  0.4994256474519631  0.4620927318295739  0.05378028404344193  0.026629072681704315  
 0  0.4999477861319966  0.4992951127819548  0.05378028404344193  0.02427944862155391  
 0  0.4999477861319966  0.537672305764411  0.05378028404344193  0.027412280701754384  
 0  0.49890350877192985  0.5756578947368421  0.05378028404344193  0.026629072681704315  
 0  0.4986424394319131  0.6148182957393483  0.054302422723475394  0.02662907268170419  
