 0  0.34933085919928025  0.24214181286549705  0.05388738941370521  0.02178924876293299  
 0  0.3495651521967311  0.2818544759334233  0.05341880341880343  0.026709401709401715  
 0  0.35143949617633824  0.3212156995051732  0.05435597540860695  0.025303643724696376  
 0  0.3526109611635927  0.3616312415654521  0.05388738941370517  0.027412280701754384  
 0  0.3561253561253561  0.40099246513720194  0.05341880341880343  0.026006522717049046  
 0  0.49974696356275305  0.42383603238866396  0.053887389413705127  0.026709401709401715  
 0  0.49974696356275305  0.46249437696806117  0.053887389413705127  0.025303643724696376  
 0  0.4990440845704003  0.499746963562753  0.05435597540860699  0.023897885739990972  
 0  0.5004498425551057  0.5369995501574448  0.05435597540860699  0.025303643724696376  
 0  0.4992783775678512  0.5760093342330185  0.05388738941370521  0.027412280701754384  
 0  0.5004498425551057  0.613964799820063  0.05435597540860699  0.026006522717049046  
