 0  0.3694800569800569  0.14233299595141702  0.05295021742390161  0.023195006747638334  
 0  0.3701829359724096  0.17993702204228518  0.05341880341880339  0.023897885739991003  
 0  0.3711201079622132  0.22105544309491676  0.05341880341880339  0.024600764732343672  
 0  0.3725258659469186  0.260768106162843  0.05341880341880347  0.025303643724696345  
 0  0.37346303793672214  0.30083220872694555  0.05341880341880343  0.023897885739990972  
 0  0.3699486429749587  0.3570625281151597  0.05201304543409805  0.022492127755285696  
 0  0.3708858149647623  0.3953694331983806  0.05295021742390161  0.023195006747638303  
 0  0.37158869395711497  0.43508209626630684  0.05248163142899983  0.023897885739990972  
 0  0.37252586594691856  0.474794759334233  0.05248163142899979  0.021789248762933023  
 0  0.37393162393162394  0.5134531039136302  0.05341880341880343  0.02460076473234364  
 0  0.3751030889188784  0.5517600089968511  0.05295021742390165  0.02108636977058029  
 0  0.48920377867746284  0.1286268556005398  0.05248163142899987  0.023897885739991003  
 0  0.4903752436647173  0.16904239766081874  0.05482456140350877  0.024600764732343672  
 0  0.4906095366621683  0.20910650022492125  0.05154445943919623  0.023195006747638334  
 0  0.4920152946468736  0.24811628430049482  0.05248163142899987  0.022492127755285633  
 0  0.4920152946468736  0.28853182636077374  0.05248163142899987  0.024600764732343704  
 0  0.4934210526315789  0.32719017094017094  0.05248163142899987  0.02460076473234364  
