 0  0.3704172289698605  0.14127867746288797  0.05107587344429449  0.022492127755285633  
 0  0.3708858149647623  0.1802884615384615  0.05201304543409805  0.023195006747638334  
 0  0.3706515219673114  0.22175832208726942  0.05341880341880339  0.023195006747638334  
 0  0.37182298695456584  0.26111954565901935  0.05295021742390161  0.023195006747638303  
 0  0.3727601589443694  0.30083220872694555  0.05201304543409801  0.022492127755285633  
 0  0.3704172289698605  0.3567110886189834  0.05201304543409805  0.020383490778227622  
 0  0.3706515219673114  0.3964237516869096  0.05060728744939271  0.019680611785874953  
 0  0.37205727995201676  0.43543353576248317  0.05248163142899983  0.021789248762932964  
 0  0.3727601589443695  0.47409188034188027  0.05295021742390165  0.020383490778227622  
 0  0.3741659169290748  0.5127502249212775  0.05201304543409809  0.021789248762932964  
 0  0.3748687959214275  0.5507056905083221  0.05341880341880343  0.023195006747638365  
 0  0.4894380716749137  0.1293297345928925  0.05295021742390165  0.025303643724696345  
 0  0.4903752436647173  0.1697452766531714  0.053887389413705127  0.023195006747638334  
 0  0.49107812265707007  0.2077007422402159  0.05248163142899979  0.024600764732343672  
 0  0.4920152946468736  0.24952204228520014  0.05341880341880343  0.022492127755285665  
 0  0.49271817363922626  0.2878289473684211  0.05201304543409809  0.023195006747638365  
 0  0.4934210526315789  0.32719017094017094  0.05248163142899987  0.023195006747638303  
