 0  0.3512833008447043  0.14112248213125406  0.05550140784058913  0.022335932423651735  
 0  0.35248316498316495  0.17942583732057416  0.053716994506468156  0.0249202551834131  
 0  0.3549751905015063  0.2197135832004253  0.054270777954988525  0.02408958001063264  
 0  0.3569134325713273  0.2604166666666667  0.05260942760942763  0.022428229665071783  
 0  0.35857478291688816  0.2994583997873472  0.0537169945064682  0.025750930356193465  
 0  0.3649432925748715  0.3526216108452951  0.05427077795498848  0.022428229665071752  
 0  0.3654970760233918  0.39124800637958534  0.05427077795498848  0.0249202551834131  
 0  0.36771220981747293  0.4311204146730462  0.055378344852029054  0.02325890483785218  
 0  0.3699273436115541  0.46808545986177563  0.05427077795498844  0.02408958001063267  
 0  0.37158869395711497  0.5071271929824561  0.05316321105794787  0.02408958001063261  
 0  0.37352693602693604  0.5461689261031366  0.05371699450646824  0.022428229665071752  
 0  0.37546517809675706  0.5976707868155235  0.05205564416090734  0.02242822966507169  
 0  0.3765727449937976  0.634635832004253  0.05205564416090734  0.023258904837852243  
 0  0.37878787878787873  0.6716008771929824  0.05316321105794787  0.02408958001063267  
 0  0.38127990430622005  0.7077352472089313  0.051501860712387014  0.026581605528973956  
 0  0.3818336877547403  0.7467769803296118  0.053716994506468156  0.023258904837852243  
 0  0.47819200779727095  0.3895866560340244  0.0537169945064682  0.021597554492291324  
 0  0.48040714159135206  0.4286283891547049  0.051501860712387056  0.02325890483785218  
 0  0.4801302498670919  0.466839447102605  0.05316321105794791  0.021597554492291324  
 0  0.4812378167641325  0.5046351674641149  0.05316321105794791  0.02408958001063261  
 0  0.48372984228247384  0.5424308878256245  0.05260942760942763  0.02325890483785218  
 0  0.48511430090377455  0.5818879585326954  0.05205564416090734  0.02408958001063267  
 0  0.3844020971970155  0.785976255293406  0.05293405928614638  0.025521778584392082  
