 0  0.3517909356725146  0.13980263157894737  0.05421539961013647  0.025584795321637436  
 0  0.3530092592592593  0.17955043859649122  0.05543372319688112  0.026498538011695896  
 0  0.35483674463937626  0.2206688596491228  0.054215399610136425  0.024671052631578948  
 0  0.3560550682261209  0.25995979532163743  0.05299707602339181  0.022843567251461968  
 0  0.3594054580896687  0.29925073099415206  0.05482456140350881  0.024671052631578948  
 0  0.3642787524366472  0.35270467836257313  0.053606237816764116  0.023757309941520425  
 0  0.365801656920078  0.390625  0.05543372319688112  0.024671052631578948  
 0  0.367629142300195  0.4303728070175439  0.052997076023391855  0.023757309941520487  
 0  0.37006578947368424  0.4701206140350877  0.05421539961013647  0.024671052631578948  
 0  0.3718932748538012  0.5071271929824561  0.05421539961013647  0.021929824561403508  
 0  0.37250243664717353  0.5455043859649122  0.05421539961013651  0.021929824561403508  
 0  0.3743299220272905  0.598044590643275  0.05299707602339181  0.01918859649122807  
 0  0.3767665692007798  0.6332236842105263  0.054215399610136425  0.027412280701754384  
 0  0.379203216374269  0.6716008771929824  0.05299707602339181  0.023757309941520425  
 0  0.3804215399610137  0.7086074561403509  0.0517787524366472  0.02284356725146203  
 0  0.38224902534113064  0.7465277777777778  0.0517787524366472  0.027412280701754384  
 0  0.3846856725146199  0.7858187134502925  0.05299707602339181  0.025584795321637467  
 0  0.4778874269005848  0.3887975146198831  0.05299707602339181  0.024671052631578948  
 0  0.47849658869395717  0.4276315789473684  0.05299707602339181  0.021929824561403508  
 0  0.48062865497076024  0.4673793859649123  0.05360623781676416  0.026498538011695928  
 0  0.4821515594541911  0.50484283625731  0.05299707602339181  0.026498538011695865  
 0  0.4833698830409357  0.5436769005847953  0.054215399610136425  0.025584795321637405  
 0  0.4848927875243665  0.5815972222222223  0.053606237816764074  0.02284356725146203  
