 0  0.3641433831492311  0.3507756660168941  0.05550140784058913  0.025381741390513326  
 0  0.365835499241932  0.3903711825860948  0.05617825427766944  0.023351202079272264  
 0  0.36786603855317307  0.4304743339831059  0.05482456140350881  0.022335932423651735  
 0  0.3705734243014945  0.46854694606887587  0.05482456140350881  0.029442820012995446  
 0  0.37192711717565513  0.5071271929824561  0.05347086852934806  0.025381741390513263  
 0  0.37226554039419535  0.5457074398960363  0.05414771496642846  0.025381741390513326  
 0  0.3742960797054364  0.596470922677063  0.056855100714749834  0.025381741390513326  
 0  0.37632661901667747  0.634543534762833  0.05279402209226767  0.02436647173489273  
 0  0.3790340047649989  0.6726161468486029  0.054147714966428416  0.023351202079272264  
 0  0.38072612085769975  0.7081505847953216  0.052117175655187316  0.025381741390513326  
 0  0.38207981373186056  0.7467308317089019  0.05347086852934806  0.0253817413905132  
 0  0.38478719948018186  0.7853110786224822  0.05482456140350873  0.027412280701754384  
 0  0.47683831492311024  0.388848278102664  0.05347086852934806  0.028427550357374917  
 0  0.47954570067143165  0.4279361598440546  0.05617825427766948  0.021320662768031202  
 0  0.47988412388997187  0.46600877192982454  0.054147714966428374  0.024366471734892793  
 0  0.48225308641975306  0.5066195581546459  0.05347086852934806  0.02436647173489273  
 0  0.4836067792939138  0.5441845354126056  0.05347086852934806  0.028427550357374917  
 0  0.4846220489495343  0.5837800519818064  0.05550140784058909  0.026397011046133918  
