 0  0.3638653926482874  0.35097509398496235  0.05547723475355052  0.0244752506265664  
 0  0.3668024227234753  0.3916040100250626  0.056129908103592266  0.02545426065162902  
 0  0.36843410609857974  0.43076441102756885  0.054171888053467024  0.02545426065162908  
 0  0.3700657894736842  0.4694353070175439  0.053519214703425196  0.022517230576441095  
 0  0.37071846282372595  0.5081062030075187  0.05482456140350877  0.02545426065162908  
 0  0.373329156223893  0.547266604010025  0.05482456140350877  0.027412280701754384  
 0  0.3756135129490392  0.5952380952380952  0.054171888053467024  0.02937030075187975  
 0  0.37593984962406013  0.6353775062656641  0.05482456140350877  0.025454260651629142  
 0  0.3782242063492063  0.6706218671679197  0.05547723475355052  0.027412280701754384  
 0  0.3805085630743525  0.7088032581453633  0.05482456140350877  0.02349624060150378  
 0  0.3827929197994987  0.7474741541353382  0.05417188805346698  0.02839129072681713  
 0  0.38475093984962405  0.7856555451127819  0.05156119465329991  0.0244752506265664  
 0  0.4790622389306599  0.38817747493734334  0.056129908103592266  0.028391290726817005  
 0  0.4780832289055973  0.4283168859649123  0.05547723475355052  0.0264332706766917  
 0  0.48069392230576435  0.46698778195488716  0.054171888053467024  0.027412280701754384  
 0  0.4833046157059315  0.5056586779448621  0.054171888053467024  0.028391290726817068  
 0  0.4833046157059315  0.5438400689223056  0.054171888053467024  0.0264332706766917  
 0  0.4862416457811194  0.5820214598997493  0.05612990810359235  0.0244752506265664  
