 0  0.33677944862155385  0.08174733709273181  0.05482456140350877  0.024475250626566414  
 0  0.33906380534670005  0.12384476817042604  0.056782581453634094  0.024475250626566414  
 0  0.3406954887218045  0.16349467418546362  0.05612990810359231  0.02545426065162905  
 0  0.3423271720969089  0.20363408521303256  0.056782581453634094  0.027412280701754384  
 0  0.3439588554720133  0.2423049812030075  0.05612990810359231  0.0244752506265664  
 0  0.34624321219715953  0.28244439223057644  0.05547723475355056  0.024475250626566428  
 0  0.3746345029239766  0.5957276002506264  0.05612990810359231  0.0244752506265664  
 0  0.37593984962406013  0.6343984962406014  0.056129908103592266  0.02349624060150378  
 0  0.37887687969924805  0.6720903822055136  0.05417188805346698  0.0244752506265664  
 0  0.3814875730994151  0.7083137531328321  0.05417188805346698  0.0244752506265664  
 0  0.3827929197994987  0.7469846491228069  0.05417188805346698  0.027412280701754384  
 0  0.38442460317460314  0.7851660401002505  0.05482456140350877  0.02349624060150378  
 0  0.47286184210526316  0.17377427944862153  0.05417188805346694  0.024475250626566428  
 0  0.47351451545530493  0.21391369047619047  0.056782581453634094  0.0264332706766917  
 0  0.47514619883040937  0.25356359649122806  0.05612990810359235  0.02545426065162908  
 0  0.47645154553049285  0.29370300751879697  0.05351921470342528  0.02545426065162902  
 0  0.4771042188805346  0.33335291353383456  0.05482456140350877  0.0244752506265664  
 0  0.4803675856307435  0.38230341478696733  0.05482456140350877  0.0264332706766917  
 0  0.48069392230576435  0.42048480576441094  0.054171888053467024  0.0264332706766917  
 0  0.481672932330827  0.4591557017543859  0.0522138680033417  0.027412280701754384  
 0  0.4826519423558897  0.4992951127819548  0.05547723475355052  0.02545426065162908  
 0  0.48199926900584794  0.5379660087719298  0.052866541353383444  0.0244752506265664  
 0  0.4833046157059315  0.5746788847117795  0.05286654135338353  0.02349624060150378  
