 0  0.3380847953216374  0.08223684210526316  0.05482456140350877  0.025454260651629066  
 0  0.33906380534670005  0.1228657581453634  0.056782581453634094  0.024475250626566414  
 0  0.3400428153717627  0.16398417919799496  0.05612990810359231  0.0264332706766917  
 0  0.3423271720969089  0.20363408521303256  0.05547723475355052  0.02545426065162908  
 0  0.3439588554720133  0.2423049812030075  0.05482456140350877  0.022517230576441095  
 0  0.34559053884711777  0.28146538220551376  0.05547723475355052  0.026433270676691763  
 0  0.3749608395989974  0.5952380952380952  0.052866541353383444  0.02349624060150378  
 0  0.37757153299916457  0.6339089912280702  0.05547723475355056  0.022517230576441158  
 0  0.37887687969924805  0.671111372180451  0.052866541353383444  0.022517230576441158  
 0  0.38083489974937346  0.7078242481203006  0.051561194653299953  0.023496240601503654  
 0  0.38246658312447784  0.7460056390977443  0.05612990810359231  0.025454260651629142  
 0  0.38377192982456143  0.7851660401002505  0.053519214703425196  0.021538220551378537  
 0  0.4725355054302422  0.17377427944862153  0.0522138680033417  0.024475250626566428  
 0  0.4738408521303258  0.21391369047619047  0.05482456140350877  0.0244752506265664  
 0  0.47547253550543017  0.2530740914786967  0.05417188805346694  0.026433270676691732  
 0  0.47645154553049285  0.2941925125313283  0.05351921470342528  0.0244752506265664  
 0  0.4774305555555556  0.33286340852130325  0.055477234753550604  0.02545426065162908  
 0  0.4790622389306599  0.38230341478696733  0.05351921470342528  0.0264332706766917  
 0  0.47971491228070173  0.4214638157894737  0.053519214703425196  0.028391290726817068  
 0  0.48069392230576435  0.4606242167919799  0.054171888053467024  0.028391290726817005  
 0  0.4806939223057643  0.4988056077694235  0.052866541353383444  0.022517230576441095  
 0  0.48232560568086874  0.5374765037593985  0.053519214703425196  0.02349624060150378  
 0  0.4826519423558897  0.5761473997493733  0.052866541353383444  0.022517230576441158  
