 0  0.3371057852965747  0.08370535714285714  0.05547723475355056  0.026433270676691732  
 0  0.33808479532163743  0.1228657581453634  0.05351921470342524  0.022517230576441095  
 0  0.34102182539682535  0.16447368421052633  0.052866541353383444  0.02545426065162905  
 0  0.3426535087719298  0.20363408521303256  0.05482456140350877  0.02349624060150378  
 0  0.3439588554720133  0.2423049812030075  0.05482456140350877  0.022517230576441095  
 0  0.344937865497076  0.2829338972431077  0.05417188805346698  0.019580200501253107  
 0  0.47286184210526316  0.17377427944862153  0.055477234753550604  0.022517230576441095  
 0  0.47318817878028396  0.2134241854636591  0.057435254803675846  0.02545426065162905  
 0  0.4748198621553884  0.2525845864661654  0.054171888053467024  0.027412280701754384  
 0  0.476125208855472  0.292234492481203  0.054171888053467024  0.026433270676691732  
 0  0.47873590225563906  0.33188439849624063  0.054171888053467024  0.02545426065162908  
 0  0.4806939223057643  0.381813909774436  0.056782581453634094  0.02545426065162908  
 0  0.47971491228070173  0.4209743107769423  0.05612990810359235  0.02545426065162902  
 0  0.48199926900584794  0.4596452067669173  0.05417188805346694  0.02447525062656646  
 0  0.481672932330827  0.4988056077694235  0.053519214703425196  0.02447525062656646  
 0  0.48199926900584794  0.5379660087719298  0.055477234753550604  0.0244752506265664  
 0  0.48199926900584794  0.5746788847117794  0.05417188805346694  0.027412280701754322  
