 0  0.33661101678928507  0.08223684210526316  0.05541407281644973  0.024759479343520095  
 0  0.3392638181475193  0.1224709960384833  0.05600358422939069  0.025643746462931525  
 0  0.34073759667987175  0.1640315506508206  0.054235049990567816  0.02564374646293151  
 0  0.3422113752122241  0.20382357102433502  0.053645538577626856  0.023875212224108665  
 0  0.34397990945104695  0.24273132427843802  0.05482456140350877  0.027412280701754384  
 0  0.34574844368986984  0.2834076117713639  0.053645538577626856  0.023875212224108665  
 0  0.47278815317864553  0.17331635540464063  0.05423504999056786  0.021222410865874383  
 0  0.473672420298057  0.21399264289756653  0.05482456140350877  0.024759479343520102  
 0  0.47514619883040937  0.2537846632710809  0.05423504999056786  0.02299094510469723  
 0  0.47632522165629126  0.29313455008488964  0.053056027164685854  0.027412280701754353  
 0  0.47632522165629126  0.33160016977928686  0.051877004338804024  0.02475947934352007  
 0  0.48045180154687794  0.38200339558573854  0.05423504999056786  0.028296547821165825  
 0  0.47956753442746647  0.42223754951895864  0.05482456140350877  0.02564374646293151  
 0  0.4813360686662894  0.46026103565365023  0.053645538577626856  0.02564374646293151  
 0  0.48104131295981883  0.49872665534804755  0.054235049990567774  0.026528013582342948  
 0  0.48163082437275984  0.5367501414827391  0.053056027164685854  0.02475947934352007  
 0  0.48222033578570084  0.5756578947368421  0.05659309564233161  0.028296547821165762  
