 0  0.34909656620182933  0.08785987404408456  0.056230319388214114  0.023897885739991003  
 0  0.3507366171839856  0.12792397660818713  0.05482456140350873  0.023897885739991003  
 0  0.35190808217124003  0.16904239766081872  0.05248163142899983  0.026006522717049046  
 0  0.3547195981406508  0.2084036212325686  0.05435597540860703  0.024600764732343672  
 0  0.3568282351177088  0.24881916329284748  0.05388738941370521  0.026709401709401715  
 0  0.35846828609986503  0.28853182636077374  0.05435597540860699  0.026006522717049046  
 0  0.35940545808966856  0.33562471884840306  0.05341880341880339  0.024600764732343704  
 0  0.36291985305143193  0.374985942420153  0.05295021742390161  0.027412280701754384  
 0  0.36385702504123557  0.41505004498425546  0.05576173339331238  0.027412280701754384  
 0  0.36455990403358823  0.4515997525865947  0.05435597540860699  0.026006522717049046  
 0  0.3661999550157445  0.49236673414304993  0.05482456140350877  0.026006522717048983  
 0  0.3680742989953516  0.5299707602339181  0.05388738941370521  0.025303643724696376  
 0  0.47233468286099867  0.17501686909581643  0.054355975408606906  0.023897885739991003  
 0  0.47303756185335133  0.212972334682861  0.05482456140350877  0.023897885739991003  
 0  0.4746776128355076  0.2537393162393162  0.05341880341880343  0.026709401709401715  
 0  0.4760833708202129  0.2934519793072425  0.055293147398410555  0.026006522717049046  
 0  0.47772342180236915  0.33246176338281597  0.05482456140350877  0.025303643724696376  
 0  0.47983205877942714  0.3827176113360324  0.05341880341880343  0.02460076473234364  
 0  0.4807692307692307  0.4217273954116059  0.05154445943919623  0.025303643724696376  
 0  0.4812378167641325  0.4600343004948268  0.05248163142899979  0.024600764732343704  
 0  0.48147210976158344  0.49939552406657667  0.05295021742390157  0.023195006747638303  
 0  0.48194069575648524  0.5377024291497975  0.05295021742390157  0.025303643724696376  
 0  0.48194069575648524  0.5763607737291948  0.05295021742390157  0.026709401709401715  
