 0  0.34886227320437846  0.08785987404408456  0.05482456140350877  0.025303643724696345  
 0  0.35097091018143645  0.1293297345928925  0.05435597540860695  0.023897885739991003  
 0  0.35284525416104356  0.16939383715699505  0.055293147398410514  0.026709401709401715  
 0  0.35401671914829813  0.20910650022492128  0.05388738941370525  0.026006522717049046  
 0  0.35589106312790525  0.24881916329284748  0.055761733393312335  0.023897885739991003  
 0  0.35846828609986503  0.28888326585695007  0.05341880341880343  0.022492127755285665  
 0  0.3596397510871195  0.33808479532163743  0.05388738941370517  0.025303643724696376  
 0  0.3619826810616284  0.3774460188933873  0.05388738941370517  0.023897885739991034  
 0  0.36385702504123557  0.4132928475033738  0.05295021742390165  0.023897885739991034  
 0  0.3654970760233918  0.45405982905982906  0.05248163142899987  0.025303643724696376  
 0  0.3666685410106463  0.49271817363922626  0.05295021742390165  0.02952091767881246  
 0  0.36830859199280247  0.5303221997300944  0.05341880341880343  0.026006522717049046  
 0  0.47233468286099867  0.17571974808816912  0.054355975408606906  0.025303643724696376  
 0  0.4739747338431549  0.21367521367521367  0.05482456140350877  0.028115159694107057  
 0  0.47514619883040937  0.25409075573549256  0.05435597540860699  0.024600764732343672  
 0  0.47538049182786024  0.2934519793072425  0.05482456140350877  0.027412280701754416  
 0  0.47725483580746736  0.33246176338281597  0.05482456140350877  0.025303643724696376  
 0  0.48030064477432893  0.3820147323436797  0.05435597540860699  0.026006522717048983  
 0  0.48030064477432893  0.4213759559154296  0.05435597540860699  0.026006522717049046  
 0  0.4805349377717798  0.4614400584795321  0.05388738941370521  0.024600764732343704  
 0  0.48170640275903426  0.49869264507422395  0.05341880341880335  0.026006522717048983  
 0  0.48194069575648524  0.5380538686459739  0.05295021742390157  0.023195006747638303  
 0  0.48170640275903426  0.5760093342330185  0.05341880341880335  0.028818038686459727  
