 0  0.3395585738539898  0.15784168081494057  0.06366723259762307  0.02918081494057723  
 0  0.34309564233163553  0.20382357102433502  0.06366723259762307  0.030949349179400107  
 0  0.3475169779286927  0.24847906055461236  0.061898698358800235  0.03360215053763442  
 0  0.3510540464063384  0.29401881720430106  0.0630777211846821  0.03271788341822298  
 0  0.3540016034710432  0.3382321731748727  0.061898698358800235  0.027412280701754384  
 0  0.3578334276551594  0.38377192982456143  0.062488209771741195  0.030065082059988636  
 0  0.47190388605923406  0.11274405772495755  0.06189869835880019  0.029180814940577247  
 0  0.4742619317109979  0.158725947934352  0.06189869835880019  0.030949349179400107  
 0  0.47838851160158463  0.20470783814374646  0.06189869835880019  0.03271788341822298  
 0  0.48045180154687794  0.2480369269949066  0.061309186945859274  0.030949349179400107  
 0  0.48222033578570084  0.2944609507640068  0.05895114129409544  0.03183361629881155  
 0  0.4851678928504056  0.3382321731748727  0.062488209771741195  0.034486417657045826  
 0  0.3625495189586871  0.4951895868704018  0.062488209771741195  0.030065082059988636  
 0  0.36520232031692135  0.5398450764006791  0.06307772118468215  0.027412280701754384  
 0  0.36903414450103755  0.5849426994906621  0.05777211846821356  0.030949349179400138  
 0  0.3725712129786833  0.628713921901528  0.05895114129409544  0.03006508205998876  
 0  0.37640303716279944  0.6724851443123938  0.0595406527070364  0.030949349179400013  
 0  0.48841020562158083  0.4863469156762875  0.061898698358800276  0.033602150537634386  
 0  0.49076825127334467  0.5310024052065647  0.061898698358800276  0.030949349179400076  
 0  0.49194727409922656  0.5738893604980192  0.06071967553291827  0.03183361629881151  
 0  0.4951895868704019  0.6185448500282965  0.05895114129409544  0.027412280701754384  
 0  0.4981371439351066  0.6640846066779854  0.05895114129409544  0.030065082059988636  
 0  0.5004951895868703  0.706529428409734  0.060130164119977354  0.03006508205998876  
