 0  0.33896906244104885  0.15916808149405776  0.060130164119977354  0.03183361629881155  
 0  0.34191661950575364  0.20426570458404078  0.062488209771741195  0.030065082059988667  
 0  0.3463379551028108  0.2498054612337295  0.061898698358800235  0.03271788341822298  
 0  0.34958026787398605  0.2949030843237125  0.06130918694585923  0.030949349179400107  
 0  0.3540016034710432  0.33911644029428406  0.0630777211846821  0.034486417657045826  
 0  0.356949160535748  0.38288766270514996  0.06189869835880019  0.03183361629881151  
 0  0.3616652518392756  0.4960738539898132  0.0595406527070364  0.030065082059988698  
 0  0.3660865874363328  0.5389608092812677  0.060130164119977396  0.0291808149405772  
 0  0.369328900207508  0.5840584323712508  0.05954065270703644  0.02918081494057726  
 0  0.37316072439162423  0.6278296547821166  0.06130918694585923  0.03183361629881151  
 0  0.3772873042822109  0.6711587436332768  0.062488209771741195  0.03183361629881151  
 0  0.47131437464629317  0.11318619128466327  0.061898698358800276  0.030065082059988684  
 0  0.4745566874174684  0.15784168081494057  0.061309186945859274  0.027412280701754384  
 0  0.47632522165629126  0.20293930390492357  0.06366723259762302  0.03271788341822298  
 0  0.47986229013393705  0.24803692699490662  0.061309186945859274  0.027412280701754384  
 0  0.48251509149217126  0.2949030843237125  0.060719675532918356  0.03271788341822298  
 0  0.4851678928504056  0.33911644029428406  0.06366723259762311  0.030949349179400076  
 0  0.48752593850216946  0.4867890492359932  0.061309186945859274  0.027412280701754384  
 0  0.4910630069798151  0.5310024052065647  0.061309186945859274  0.0291808149405772  
 0  0.49283154121863804  0.5752157611771365  0.060130164119977354  0.027412280701754384  
 0  0.4963686096962837  0.6203133842671195  0.062488209771741195  0.027412280701754384  
 0  0.4978423882286361  0.6623160724391624  0.060719675532918356  0.033602150537634386  
 0  0.5007899452933409  0.706529428409734  0.06189869835880019  0.03006508205998876  
