 0  0.36785512167515566  0.4814834465195246  0.062488209771741195  0.030949349179400138  
 0  0.36785512167515566  0.5252546689303904  0.06130918694585923  0.028296547821165825  
 0  0.3687393887945671  0.5699101584606678  0.060719675532918314  0.03271788341822295  
 0  0.3708026787398604  0.6145656479909452  0.061309186945859316  0.028296547821165762  
 0  0.3734554800980947  0.6570104697226938  0.06071967553291827  0.028296547821165887  
 0  0.4721986417657046  0.1114176570458404  0.062488209771741195  0.026528013582342948  
 0  0.47514619883040937  0.158725947934352  0.062488209771741195  0.030949349179400107  
 0  0.4769147330692322  0.20559210526315788  0.062488209771741195  0.030949349179400138  
 0  0.4789780230145256  0.24892119411431804  0.06071967553291827  0.02918081494057723  
 0  0.4819255800792303  0.29578735144312396  0.06071967553291827  0.02918081494057726  
 0  0.4845783814374647  0.33911644029428406  0.061309186945859274  0.025643746462931574  
 0  0.49194727409922656  0.48899971703452183  0.061898698358800276  0.026528013582342948  
 0  0.4940105640445199  0.533655206564799  0.061309186945859274  0.02918081494057726  
 0  0.4969581211092246  0.5738893604980192  0.05895114129409544  0.028296547821165762  
 0  0.4975476325221657  0.6211976513865308  0.05895114129409544  0.030949349179400138  
 0  0.5002004338803999  0.664526740237691  0.06071967553291827  0.027412280701754384  
 0  0.5028532352386342  0.7069715619694397  0.061309186945859274  0.03625495189586864  
