 0  0.47013535182041133  0.11230192416525184  0.06425674401056403  0.03360215053763442  
 0  0.4745566874174684  0.1582838143746463  0.060130164119977354  0.03183361629881155  
 0  0.47691473306923227  0.20338143746462933  0.05895114129409544  0.03183361629881155  
 0  0.47956753442746647  0.24847906055461236  0.05954065270703636  0.03183361629881155  
 0  0.4819255800792303  0.2949030843237125  0.05954065270703644  0.03271788341822298  
 0  0.4839888700245237  0.33911644029428406  0.060130164119977354  0.03271788341822295  
 0  0.49194727409922656  0.4881154499151103  0.05954065270703644  0.030065082059988698  
 0  0.4940105640445199  0.532328805885682  0.06013016411997744  0.030065082059988698  
 0  0.49725287681569513  0.5761000282965478  0.05954065270703644  0.030949349179400076  
 0  0.4981371439351066  0.6211976513865308  0.060130164119977354  0.030949349179400138  
 0  0.499610922467459  0.6632003395585737  0.06071967553291827  0.033602150537634386  
 0  0.5004951895868703  0.7060872948500283  0.060130164119977354  0.030949349179400138  
 0  0.3666760988492737  0.48280984719864184  0.06130918694585923  0.028296547821165825  
 0  0.36785512167515566  0.5252546689303904  0.05777211846821356  0.028296547821165825  
 0  0.3702131673269195  0.5690258913412564  0.060130164119977396  0.02918081494057726  
 0  0.37139219015280134  0.6136813808715338  0.05895114129409544  0.03183361629881164  
 0  0.3725712129786833  0.6570104697226938  0.05895114129409544  0.028296547821165887  
