 0  0.470969089390142  0.11199874686716792  0.061612364243943146  0.03132832080200501  
 0  0.4741019214703424  0.1601660401002506  0.0605680868838763  0.03054511278195486  
 0  0.4767126148705096  0.2052005012531328  0.06056808688387638  0.032894736842105234  
 0  0.4788011695906433  0.250234962406015  0.0605680868838763  0.032111528822055126  
 0  0.4814118629908103  0.2952694235588972  0.057435254803675846  0.02819548872180452  
 0  0.48428362573099415  0.34069548872180444  0.060045948203843  0.03289473684210526  
 0  0.3660192147034252  0.481672932330827  0.05847953216374269  0.03132832080200506  
 0  0.36810776942355883  0.5259241854636592  0.057435254803675846  0.032111528822055126  
 0  0.3696741854636591  0.5682174185463659  0.05952380952380949  0.032111528822055126  
 0  0.3704573934837092  0.6148182957393483  0.06004594820384292  0.029761904761904726  
 0  0.373329156223893  0.65671992481203  0.05847953216374269  0.027412280701754384  
