 0  0.4725355054302422  0.1131735588972431  0.06265664160401  0.035244360902255634  
 0  0.3665413533834586  0.4824561403508772  0.059523809523809534  0.02819548872180452  
 0  0.3681077694235589  0.5263157894736842  0.05952380952380949  0.02819548872180452  
 0  0.3699352548036758  0.568609022556391  0.05900167084377607  0.026629072681704252  
 0  0.37124060150375937  0.6148182957393483  0.057435254803675846  0.029761904761904726  
 0  0.37306808688387627  0.6559367167919798  0.06004594820384292  0.027412280701754384  
 0  0.4746240601503759  0.15859962406015038  0.06056808688387638  0.032111528822055126  
 0  0.4767126148705096  0.2044172932330827  0.059523809523809534  0.031328320802005  
 0  0.47984544695071  0.250234962406015  0.059523809523809534  0.03054511278195486  
 0  0.48219507101086045  0.29566102756892226  0.05900167084377607  0.03367794486215543  
 0  0.48480576441102746  0.3391290726817042  0.061090225563909764  0.031328320802005  
