 0  0.31568336162988114  0.1109755234861347  0.061898698358800235  0.03094934917940012  
 0  0.31833616298811546  0.15651528013582344  0.062488209771741195  0.030065082059988667  
 0  0.32039945293340877  0.20161290322580647  0.060719675532918314  0.03183361629881155  
 0  0.3230522542916431  0.24671052631578946  0.061309186945859274  0.028296547821165825  
 0  0.32599981135634787  0.2926924165251839  0.061309186945859274  0.030065082059988667  
 0  0.3268840784757593  0.3373479060554612  0.05954065270703644  0.030949349179400076  
 0  0.4721986417657046  0.11185979060554613  0.06366723259762311  0.030949349179400107  
 0  0.4754409545368798  0.16005234861346915  0.0630777211846821  0.030065082059988698  
 0  0.4769147330692322  0.20426570458404078  0.062488209771741195  0.03360215053763442  
 0  0.4789780230145256  0.2502475947934352  0.061898698358800276  0.03183361629881155  
 0  0.4813360686662894  0.2953452178834182  0.06189869835880019  0.03360215053763442  
 0  0.4845783814374647  0.33911644029428406  0.061309186945859274  0.03271788341822295  
 0  0.3672656102622147  0.4819255800792303  0.05895114129409544  0.028296547821165825  
 0  0.3681498773816261  0.5248125353706847  0.05836162988115448  0.02918081494057726  
 0  0.36903414450103755  0.5699101584606678  0.06130918694585923  0.030949349179400138  
 0  0.37227645727221276  0.6141235144312394  0.0595406527070364  0.02918081494057726  
 0  0.37316072439162423  0.6578947368421053  0.06130918694585923  0.03006508205998876  
 0  0.5818477645727221  0.5230440011318619  0.061309186945859274  0.03271788341822295  
 0  0.5845005659309565  0.5690258913412564  0.05954065270703644  0.027412280701754447  
 0  0.5859743444633089  0.6123549801924165  0.062488209771741195  0.030949349179400138  
 0  0.5898061686474251  0.6552419354838709  0.05954065270703644  0.026528013582342885  
 0  0.5933432371250708  0.6976867572156197  0.06189869835880019  0.033602150537634386  
 0  0.5959960384833051  0.7427843803056028  0.05777211846821352  0.030065082059988636  
