 0  0.3159781173363516  0.11230192416525184  0.06366723259762311  0.03360215053763442  
 0  0.318041407281645  0.15695741369552912  0.0595406527070364  0.030949349179400107  
 0  0.3212837200528202  0.20161290322580647  0.060130164119977354  0.03183361629881155  
 0  0.3239365214110545  0.24847906055461236  0.060719675532918314  0.030065082059988667  
 0  0.3254102999434069  0.2922502829654782  0.061309186945859274  0.027412280701754416  
 0  0.3265893227692888  0.3373479060554613  0.061309186945859274  0.027412280701754384  
 0  0.36785512167515566  0.4814834465195246  0.06484625542350503  0.02918081494057726  
 0  0.3681498773816261  0.526138936049802  0.061898698358800235  0.026528013582342948  
 0  0.3696236559139785  0.5694680249009622  0.061309186945859316  0.028296547821165825  
 0  0.3710974344463309  0.6145656479909452  0.05836162988115452  0.028296547821165762  
 0  0.37257121297868323  0.6574526032823996  0.06013016411997731  0.030949349179400138  
 0  0.4716091303527637  0.11230192416525182  0.06366723259762311  0.030065082059988684  
 0  0.47396717600452754  0.15916808149405776  0.06366723259762311  0.03360215053763442  
 0  0.47779900018864363  0.20559210526315788  0.06071967553291827  0.03271788341822295  
 0  0.47986229013393705  0.2506897283531409  0.061309186945859274  0.030949349179400107  
 0  0.4828098471986418  0.2944609507640068  0.061309186945859274  0.028296547821165793  
 0  0.48546264855687604  0.3400007074136956  0.061898698358800276  0.030949349179400076  
 0  0.5815530088662516  0.5239282682512734  0.060719675532918356  0.030949349179400138  
 0  0.584205810224486  0.5703522920203735  0.061309186945859274  0.035370684776457204  
 0  0.5874481229956612  0.6136813808715338  0.061898698358800276  0.030065082059988636  
 0  0.590395680060366  0.656568336162988  0.05954065270703636  0.032717883418223015  
 0  0.5936379928315412  0.698571024335031  0.05895114129409544  0.03713921901528014  
 0  0.5951117713638936  0.7419001131861913  0.06071967553291827  0.03006508205998876  
