 0  0.31589390142021717  0.11199874686716792  0.06370091896407684  0.029761904761904757  
 0  0.3195488721804511  0.15859962406015035  0.06161236424394319  0.025845864661654148  
 0  0.3216374269005848  0.2052005012531328  0.06265664160401004  0.02819548872180449  
 0  0.32320384294068505  0.24827694235588968  0.059523809523809534  0.029761904761904757  
 0  0.3255534670008354  0.29487781954887216  0.06004594820384296  0.030545112781954892  
 0  0.32738095238095233  0.3383458646616541  0.06161236424394319  0.031328320802005  
 0  0.42293233082706755  0.4699248120300752  0.0605680868838763  0.02819548872180452  
 0  0.425281954887218  0.5149592731829573  0.05900167084377615  0.03054511278195486  
 0  0.4281537176274018  0.556860902255639  0.05952380952380945  0.02819548872180452  
 0  0.4310254803675856  0.5983709273182957  0.06004594820384292  0.03132832080200512  
 0  0.43285296574770254  0.6441885964912281  0.06056808688387638  0.0305451127819548  
 0  0.43546365914786966  0.6872650375939849  0.05952380952380945  0.03211152882205506  
 0  0.5328425229741018  0.05325814536340852  0.061090225563909764  0.029761904761904757  
 0  0.5364974937343358  0.10025062656641602  0.062134502923976605  0.029761904761904757  
 0  0.5378028404344194  0.14371867167919797  0.061612364243943146  0.030545112781954892  
 0  0.5414578111946532  0.18992794486215536  0.06265664160401  0.032111528822055126  
 0  0.5432852965747702  0.23417919799498746  0.06004594820384292  0.02819548872180452  
 0  0.5464181286549706  0.28117167919799496  0.06004594820384292  0.031328320802005  
