 0  0.3166771094402673  0.11356516290726815  0.06422305764411029  0.028195488721804506  
 0  0.318765664160401  0.1582080200501253  0.06422305764411025  0.031328320802005  
 0  0.32111528822055135  0.2052005012531328  0.05952380952380949  0.02819548872180449  
 0  0.32398705096073516  0.2506265664160401  0.05900167084377607  0.031328320802005  
 0  0.3252923976608187  0.2944862155388471  0.059523809523809534  0.029761904761904757  
 0  0.3279030910609858  0.3387374686716792  0.058479532163742645  0.03054511278195486  
 0  0.5333646616541353  0.05325814536340852  0.06004594820384292  0.02662907268170426  
 0  0.5354532163742689  0.09790100250626566  0.062134502923976605  0.029761904761904757  
 0  0.538063909774436  0.14489348370927319  0.06317878028404346  0.03132832080200501  
 0  0.5396303258145362  0.1895363408521303  0.061090225563909764  0.029761904761904757  
 0  0.5427631578947368  0.23574561403508773  0.061090225563909764  0.029761904761904757  
 0  0.4231934001670843  0.4699248120300752  0.061090225563909764  0.026629072681704252  
 0  0.42632623224728483  0.5157424812030075  0.062134502923976605  0.028978696741854593  
 0  0.4281537176274018  0.556469298245614  0.05952380952380945  0.028978696741854656  
 0  0.43076441102756885  0.5983709273182957  0.06056808688387638  0.02662907268170419  
 0  0.43337510442773597  0.6437969924812029  0.05847953216374269  0.029761904761904726  
 0  0.43572472848788635  0.68765664160401  0.06004594820384292  0.029761904761904726  
 0  0.5466791979949874  0.27921365914786966  0.061612364243943146  0.030545112781954892  
