 0  0.381422305764411  0.08732769423558896  0.062134502923976605  0.02897869674185464  
 0  0.38481620718462817  0.13432017543859648  0.059523809523809534  0.028978696741854625  
 0  0.38899331662489556  0.17857142857142855  0.06265664160401008  0.0344611528822055  
 0  0.3908208020050125  0.225172305764411  0.05900167084377615  0.0336779448621554  
 0  0.3957811194653299  0.26981516290726815  0.06056808688387634  0.0321115288220551  
 0  0.3978696741854636  0.312891604010025  0.06265664160401004  0.033677944862155335  
 0  0.3498329156223893  0.4197994987468671  0.06474519632414368  0.03446115288220553  
 0  0.35348788638262324  0.46365914786967416  0.06056808688387638  0.031328320802005  
 0  0.3589703425229741  0.5059523809523809  0.06004594820384296  0.03446115288220553  
 0  0.3631474519632414  0.550203634085213  0.06004594820384292  0.03681077694235593  
 0  0.3673245614035088  0.5944548872180451  0.062134502923976646  0.03289473684210526  
 0  0.5325814536340852  0.05130012531328321  0.06161236424394323  0.035244360902255634  
 0  0.5357142857142857  0.09868421052631579  0.06265664160401008  0.03446115288220552  
 0  0.5391081871345028  0.14371867167919797  0.06004594820384292  0.030545112781954892  
 0  0.5404135338345865  0.18914473684210525  0.06056808688387638  0.03211152882205516  
 0  0.5435463659147869  0.23535401002506262  0.0605680868838763  0.028978696741854625  
 0  0.5466791979949874  0.2788220551378446  0.061612364243943146  0.029761904761904757  
 0  0.5482456140350878  0.42802318295739344  0.0605680868838763  0.027412280701754384  
 0  0.549812030075188  0.47188283208020043  0.06370091896407684  0.03054511278195486  
 0  0.5537280701754385  0.5161340852130325  0.062134502923976605  0.026629072681704252  
 0  0.556077694235589  0.5588189223057644  0.06056808688387638  0.030545112781954924  
 0  0.5589494569757727  0.6026785714285714  0.06004594820384292  0.027412280701754384  
 0  0.5618212197159564  0.6465382205513784  0.0605680868838763  0.035244360902255606  
