 0  0.381422305764411  0.08811090225563908  0.062134502923976605  0.027412280701754384  
 0  0.3842940685045948  0.13236215538847115  0.06265664160401004  0.03289473684210525  
 0  0.3887322472848788  0.17857142857142855  0.061090225563909806  0.0344611528822055  
 0  0.39108187134502925  0.22360588972431075  0.06161236424394319  0.032111528822055126  
 0  0.3949979114452798  0.26746553884711777  0.06213450292397657  0.03524436090225567  
 0  0.3983918128654971  0.3140664160401002  0.06161236424394319  0.029761904761904726  
 0  0.34904970760233917  0.4197994987468671  0.061090225563909764  0.031328320802005  
 0  0.35427109440267335  0.46326754385964913  0.06004594820384292  0.0336779448621554  
 0  0.3589703425229741  0.5075187969924811  0.06004594820384296  0.031328320802005  
 0  0.3636695906432748  0.5521616541353384  0.061090225563909764  0.03446115288220547  
 0  0.3686299081035923  0.5944548872180451  0.059523809523809534  0.031328320802005  
 0  0.5325814536340852  0.052083333333333336  0.06265664160401  0.03367794486215539  
 0  0.5364974937343358  0.09907581453634084  0.06317878028404346  0.030545112781954892  
 0  0.538063909774436  0.14411027568922305  0.061090225563909764  0.03289473684210526  
 0  0.5409356725146199  0.18914473684210525  0.06161236424394323  0.035244360902255634  
 0  0.5438074352548036  0.2345708020050125  0.061090225563909764  0.0336779448621554  
 0  0.5458959899749373  0.28156328320802  0.062134502923976605  0.032111528822055126  
 0  0.547984544695071  0.42528195488721804  0.062134502923976605  0.03446115288220553  
 0  0.5490288220551377  0.4730576441102756  0.061090225563909764  0.03289473684210526  
 0  0.5537280701754386  0.5141760651629073  0.061090225563909764  0.030545112781954924  
 0  0.5552944862155388  0.5599937343358395  0.06004594820384292  0.03289473684210526  
 0  0.5599937343358395  0.6026785714285714  0.061090225563909764  0.03367794486215546  
 0  0.5620822890559732  0.6481046365914785  0.061090225563909764  0.033677944862155335  
