 0  0.38116123642439426  0.08850250626566415  0.06161236424394323  0.029761904761904757  
 0  0.38403299916457806  0.13353696741854637  0.06004594820384292  0.032111528822055126  
 0  0.3879490392648287  0.17935463659147868  0.06161236424394319  0.029761904761904788  
 0  0.3905597326649958  0.225172305764411  0.061612364243943146  0.032111528822055126  
 0  0.3944757727652464  0.2702067669172932  0.062134502923976605  0.0344611528822055  
 0  0.39813074352548034  0.31328320802005005  0.062134502923976605  0.029761904761904788  
 0  0.5331035923141186  0.05247493734335839  0.06265664160401008  0.03289473684210526  
 0  0.535453216374269  0.10064223057644109  0.06317878028404346  0.032111528822055126  
 0  0.5385860484544694  0.14411027568922305  0.06317878028404338  0.029761904761904774  
 0  0.5414578111946532  0.1895363408521303  0.06265664160401  0.02819548872180452  
 0  0.5440685045948204  0.23417919799498746  0.061612364243943146  0.029761904761904757  
 0  0.5456349206349206  0.27921365914786966  0.06056808688387638  0.028978696741854625  
 0  0.5466791979949874  0.4268483709273182  0.06265664160401008  0.02819548872180452  
 0  0.5511173767752714  0.4726660401002506  0.062134502923976605  0.027412280701754384  
 0  0.5532059314954051  0.5145676691729323  0.061090225563909764  0.031328320802005  
 0  0.5558166248955722  0.5588189223057644  0.06004594820384292  0.030545112781954924  
 0  0.5579051796157058  0.6050281954887218  0.061090225563909764  0.028978696741854656  
 0  0.5620822890559732  0.6465382205513784  0.062134502923976605  0.03211152882205506  
