 0  0.38121345029239767  0.08607456140350878  0.06432748538011696  0.02850877192982456  
 0  0.38377192982456143  0.13432017543859648  0.062134502923976605  0.03289473684210526  
 0  0.3885233918128655  0.1787280701754386  0.06432748538011696  0.03179824561403509  
 0  0.38998538011695905  0.22587719298245615  0.06286549707602339  0.03179824561403509  
 0  0.39437134502923976  0.27028508771929827  0.06140350877192982  0.03289473684210526  
 0  0.3991228070175439  0.31414473684210525  0.06652046783625731  0.03289473684210526  
 0  0.5339912280701754  0.0537280701754386  0.06578947368421052  0.03179824561403509  
 0  0.5350877192982456  0.09923245614035088  0.06359649122807018  0.03508771929824561  
 0  0.5380116959064327  0.14692982456140352  0.062134502923976605  0.03399122807017544  
 0  0.5413011695906432  0.19024122807017543  0.06140350877192982  0.03289473684210526  
 0  0.5427631578947368  0.2362938596491228  0.06140350877192982  0.03070175438596491  
 0  0.5456871345029239  0.2817982456140351  0.06140350877192982  0.03179824561403509  
 0  0.5478801169590644  0.42598684210526316  0.06286549707602339  0.03728070175438596  
 0  0.5504385964912281  0.4731359649122807  0.06359649122807018  0.03289473684210526  
 0  0.5526315789473685  0.5153508771929824  0.062134502923976605  0.03618421052631579  
 0  0.5566520467836257  0.5581140350877193  0.06286549707602339  0.03179824561403509  
 0  0.5592105263157895  0.6030701754385965  0.06067251461988304  0.03618421052631579  
 0  0.5614035087719298  0.6452850877192983  0.06067251461988304  0.03289473684210526  
