 0  0.25219298245614036  0.17269736842105263  0.04312865497076023  0.02850877192982456  
 0  0.25255847953216376  0.26480263157894735  0.043859649122807015  0.02631578947368421  
 0  0.25109649122807015  0.3569078947368421  0.043859649122807015  0.02850877192982456  
 0  0.2496345029239766  0.4473684210526316  0.043859649122807015  0.027412280701754384  
 0  0.24707602339181287  0.5389254385964912  0.041666666666666664  0.02412280701754386  
 0  0.25255847953216376  0.6288377192982456  0.043859649122807015  0.02631578947368421  
 0  0.25111002815681177  0.7208414554905783  0.04196447909898201  0.026397011046133918  
 0  0.25144845137535193  0.8112004548408057  0.041287632661901656  0.02436647173489273  
 0  0.25111002815681177  0.9025747238466536  0.04467186484730347  0.026397011046133793  
 0  0.41857029727095524  0.18192616959064328  0.043402777777777776  0.025127923976608176  
 0  0.4170473927875244  0.276155884502924  0.046448586744639433  0.028554459064327443  
 0  0.41780884502923976  0.36981451023391815  0.043402777777777776  0.028554459064327506  
 0  0.4136208576998051  0.46004660087719296  0.04416423001949323  0.028554459064327506  
 0  0.4143823099415205  0.5519919590643275  0.04416423001949315  0.027412280701754384  
 0  0.4170473927875244  0.6399396929824561  0.043402777777777776  0.027412280701754384  
 0  0.4166666666666667  0.7318850511695907  0.04111842105263158  0.028554459064327443  
 0  0.4140015838206628  0.907780519005848  0.043402777777777776  0.026270102339181204  
 0  0.41857029727095524  0.8175484283625731  0.043402777777777776  0.028554459064327443  
 0  0.5842415381889066  0.20725345560871875  0.04319510898458269  0.03239633173843702  
 0  0.5814726209463051  0.29488968633705476  0.04319510898458269  0.0299043062200957  
 0  0.5875642388800283  0.38211057947900057  0.040979975190501464  0.028242955874534875  
 0  0.5798112706007442  0.4739001860712387  0.042087542087542035  0.027412280701754384  
 0  0.5781499202551834  0.5619517543859649  0.040979975190501464  0.025750930356193528  
 0  0.5798112706007442  0.651664673046252  0.042087542087542035  0.027412280701754384  
 0  0.5876068376068376  0.7396044197031039  0.043578497525865886  0.028466599190283392  
 0  0.5823352451641925  0.8255313765182186  0.04287561853351329  0.027412280701754384  
 0  0.5805780476833109  0.9167299257759784  0.042172739541160624  0.02635796221322538  
 0  0.7506747638326585  0.8181511470985154  0.043578497525866046  0.027412280701754384  
 0  0.7464574898785425  0.9109311740890688  0.042172739541160624  0.025303643724696376  
