 0  0.2525845864661654  0.17181625939849623  0.04438178780284044  0.028391290726817037  
 0  0.2522582497911445  0.2643327067669173  0.04372911445279865  0.02545426065162908  
 0  0.25127923976608185  0.3558701441102756  0.04438178780284044  0.026433270676691763  
 0  0.24899488304093567  0.447407581453634  0.042423767752715114  0.027412280701754384  
 0  0.24801587301587297  0.5379660087719298  0.04438178780284044  0.028391290726817005  
 0  0.2525845864661654  0.6295034461152881  0.04568713450292398  0.027412280701754384  
 0  0.2519319131161236  0.7210408834586466  0.04307644110275691  0.028391290726817005  
 0  0.2519319131161236  0.8120888157894737  0.0443817878028404  0.02839129072681713  
 0  0.41868995405179615  0.18307487468671677  0.04372911445279865  0.02545426065162908  
 0  0.4183636173767752  0.2755913220551378  0.0443817878028404  0.03034931077694234  
 0  0.4173846073517126  0.3700657894736841  0.04372911445279865  0.027412280701754384  
 0  0.41412124060150374  0.4596452067669173  0.04242376775271507  0.03034931077694231  
 0  0.4157529239766082  0.550203634085213  0.04307644110275691  0.029370300751879626  
 0  0.5847953216374269  0.20749573586744643  0.042641325536062404  0.032742446393762184  
 0  0.5814956952566601  0.2958241959064328  0.04111842105263158  0.03121954191033136  
 0  0.5863182261208577  0.38377192982456143  0.04467186484730343  0.027412280701754384  
 0  0.5794651559454191  0.47210038986354774  0.04111842105263158  0.027412280701754447  
 0  0.5784498862897985  0.5623324805068226  0.04314896036387268  0.026650828460038974  
 0  0.4167681936322287  0.6392391569200779  0.04264132553606232  0.0281737329434698  
 0  0.5802266081871345  0.6521838450292399  0.0406107862248213  0.026650828460038974  
 0  0.41632401315789475  0.7328501918859649  0.04226059941520468  0.02655564692982456  
 0  0.5879363121345029  0.7397032620614035  0.04397386695906433  0.02826891447368421  
 0  0.7452713815789473  0.4561574835526316  0.04111842105263158  0.02655564692982456  
 0  0.7504111842105263  0.5602384868421053  0.043402777777777776  0.030838815789473683  
 0  0.41885964912280704  0.8168859649122807  0.041666666666666664  0.027412280701754384  
 0  0.58296783625731  0.8234649122807017  0.043859649122807015  0.027412280701754384  
 0  0.5800438596491229  0.9172149122807017  0.043859649122807015  0.02412280701754386  
 0  0.4141081871345029  0.9078947368421053  0.04093567251461988  0.023026315789473683  
 0  0.25219298245614036  0.9029605263157895  0.04312865497076023  0.02850877192982456  
