 0  0.42828004150160354  0.18392756083757783  0.043034333144689685  0.03183361629881155  
 0  0.596585549896246  0.18834889643463495  0.04362384455763069  0.03183361629881155  
 0  0.5924589700056593  0.2838497453310696  0.04480286738351252  0.03183361629881155  
 0  0.42651150726278064  0.2767756083757782  0.041855310318807765  0.028296547821165793  
 0  0.42238492737219385  0.3731607243916243  0.043034333144689685  0.02475947934352007  
 0  0.41855310318807776  0.4624717034521788  0.04480286738351252  0.028296547821165825  
 0  0.5918694585927184  0.3806769949066214  0.042444821731748766  0.030949349179400138  
 0  0.590985191473307  0.47308290888511606  0.043034333144689685  0.031833616298811575  
 0  0.590985191473307  0.5628360215053763  0.041855310318807765  0.02564374646293151  
 0  0.42297443878513485  0.5539933503112621  0.041855310318807765  0.025643746462931574  
 0  0.41796359177513676  0.6441885964912281  0.04244482173174868  0.025643746462931636  
 0  0.5803739860403698  0.6517048670062252  0.0442133559705716  0.02652801358234301  
 0  0.4167845689492549  0.736152376910017  0.042444821731748766  0.029180814940577136  
 0  0.5880376344086022  0.7401315789473685  0.043034333144689685  0.028296547821165762  
 0  0.41895102339181284  0.8198327850877193  0.042641325536062404  0.02627010233918133  
 0  0.5822825292397661  0.8244014985380118  0.043402777777777776  0.02627010233918133  
 0  0.5803788986354776  0.9152046783625731  0.04416423001949323  0.025127923976608145  
 0  0.4140015838206628  0.9094937865497077  0.043402777777777776  0.027412280701754384  
