 0  0.4334795321637427  0.18092105263157895  0.0445906432748538  0.03399122807017544  
 0  0.4309210526315789  0.2708333333333333  0.04532163742690058  0.03179824561403509  
 0  0.42872807017543857  0.3651315789473684  0.04678362573099415  0.029605263157894735  
 0  0.42214912280701755  0.4517543859649123  0.043859649122807015  0.027412280701754384  
 0  0.42653508771929827  0.5389254385964912  0.043859649122807015  0.02850877192982456  
 0  0.42105263157894735  0.6293859649122807  0.04312865497076023  0.027412280701754384  
 0  0.4239766081871345  0.7171052631578947  0.0445906432748538  0.029605263157894735  
 0  0.4279970760233918  0.8015350877192983  0.04532163742690058  0.027412280701754384  
 0  0.4269005847953216  0.8898026315789473  0.0445906432748538  0.02631578947368421  
 0  0.5942982456140351  0.8262061403508771  0.0445906432748538  0.02850877192982456  
 0  0.5928362573099415  0.7341008771929824  0.041666666666666664  0.02850877192982456  
 0  0.5964912280701754  0.6485745614035088  0.041666666666666664  0.02412280701754386  
 0  0.5884502923976608  0.5646929824561403  0.0445906432748538  0.027412280701754384  
 0  0.5957602339181286  0.47423245614035087  0.04312865497076023  0.02850877192982456  
 0  0.5968567251461988  0.3848684210526316  0.043859649122807015  0.027412280701754384  
 0  0.5990497076023392  0.2949561403508772  0.04239766081871345  0.029605263157894735  
 0  0.6018911526127145  0.20293930390492362  0.04244482173174868  0.027412280701754384  
 0  0.608965289568006  0.1140704584040747  0.0436238445576306  0.028296547821165825  
