 0  0.42748340445708866  0.11853959222380275  0.04297060218112847  0.03111664295874823  
 0  0.37241188556978033  0.23633831199620675  0.04247668721352933  0.02667140825035562  
 0  0.36722577840998893  0.34413525367472736  0.04494626205152523  0.02593053579895685  
 0  0.37093014066698277  0.43822605500237083  0.04247668721352929  0.02444879089615931  
 0  0.3768571202781729  0.5471343053579896  0.04247668721352929  0.02593053579895685  
 0  0.37414058795637745  0.6501155761024182  0.04198277224593011  0.022967045993361773  
 0  0.6089971550497867  0.10224039829302987  0.04346451714872761  0.028153153153153154  
 0  0.6060336652441916  0.19559032716927455  0.04247668721352933  0.02518966334755808  
 0  0.6035640904061956  0.2878289473684211  0.04148885727833097  0.02444879089615931  
 0  0.5008297771455666  0.3730292792792793  0.04247668721352933  0.02444879089615931  
 0  0.5062628417891575  0.4619339734471314  0.04148885727833097  0.028894025604551923  
 0  0.5922040461514146  0.5682491702228544  0.04346451714872769  0.02815315315315309  
 0  0.6001066856330014  0.6541903745851115  0.04247668721352933  0.026671408250355556  
 0  0.37814889788574  0.7459303306342779  0.04357849752586596  0.02635796221322538  
 0  0.39431511470985153  0.8640140013495278  0.04498425551057127  0.030575236167341403  
 0  0.5893640350877193  0.7649080634278003  0.04287561853351329  0.028466599190283392  
 0  0.4990440845704003  0.859269568151147  0.04357849752586596  0.027412280701754384  
