 0  0.4279970760233918  0.11787280701754387  0.04678362573099415  0.03289473684210526  
 0  0.6096491228070176  0.09320175438596491  0.0445906432748538  0.027412280701754384  
 0  0.5182748538011696  0.18530701754385964  0.04312865497076023  0.029605263157894735  
 0  0.30994152046783624  0.2149122807017544  0.04312865497076023  0.03179824561403509  
 0  0.6030701754385965  0.29714912280701755  0.0445906432748538  0.027412280701754384  
 0  0.3669590643274854  0.3432017543859649  0.0445906432748538  0.027412280701754384  
 0  0.3717105263157895  0.43859649122807015  0.043859649122807015  0.027412280701754384  
 0  0.5866228070175439  0.38377192982456143  0.04239766081871345  0.029605263157894735  
 0  0.5899122807017544  0.4769736842105263  0.041666666666666664  0.03179824561403509  
 0  0.5928362573099415  0.5849780701754386  0.04312865497076023  0.03070175438596491  
 0  0.5986842105263158  0.6694078947368421  0.041666666666666664  0.02850877192982456  
 0  0.37792397660818716  0.5476973684210527  0.0445906432748538  0.02850877192982456  
 0  0.3746345029239766  0.6507675438596491  0.043859649122807015  0.02631578947368421  
 0  0.37792397660818716  0.7483552631578947  0.04312865497076023  0.03070175438596491  
 0  0.6641081871345029  0.7916666666666666  0.04678362573099415  0.03179824561403509  
 0  0.5730994152046783  0.8728070175438597  0.04312865497076023  0.03179824561403509  
 0  0.39473684210526316  0.8651315789473685  0.046052631578947366  0.03399122807017544  
