 0  0.4269005847953216  0.11951754385964912  0.046052631578947366  0.029605263157894735  
 0  0.3092105263157895  0.21436403508771928  0.0445906432748538  0.03070175438596491  
 0  0.3669590643274854  0.3442982456140351  0.0445906432748538  0.027412280701754384  
 0  0.3706140350877193  0.43969298245614036  0.04312865497076023  0.025219298245614034  
 0  0.3782894736842105  0.5482456140350878  0.04532163742690058  0.027412280701754384  
 0  0.3746345029239766  0.6513157894736842  0.04239766081871345  0.027412280701754384  
 0  0.3790204678362573  0.7472587719298246  0.043859649122807015  0.02850877192982456  
 0  0.3958333333333333  0.8634868421052632  0.04093567251461988  0.03070175438596491  
 0  0.5723684210526315  0.8870614035087719  0.04312865497076023  0.03179824561403509  
 0  0.6578947368421053  0.8179824561403509  0.04312865497076023  0.029605263157894735  
 0  0.5917397660818714  0.7006578947368421  0.04239766081871345  0.029605263157894735  
 0  0.5862573099415205  0.6156798245614035  0.04312865497076023  0.03070175438596491  
 0  0.554093567251462  0.5032894736842105  0.04312865497076023  0.03179824561403509  
 0  0.5036549707602339  0.3963815789473684  0.04312865497076023  0.03070175438596491  
 0  0.6048976608187134  0.29714912280701755  0.04532163742690058  0.029605263157894735  
 0  0.5179093567251462  0.1875  0.04532163742690058  0.029605263157894735  
 0  0.6739766081871345  0.1069078947368421  0.046052631578947366  0.03070175438596491  
