 0  0.427266081871345  0.11677631578947369  0.04532163742690058  0.03289473684210526  
 0  0.31030701754385964  0.21436403508771928  0.043859649122807015  0.02850877192982456  
 0  0.3673245614035088  0.34265350877192985  0.04532163742690058  0.02850877192982456  
 0  0.3713450292397661  0.4380482456140351  0.04312865497076023  0.02631578947368421  
 0  0.37719298245614036  0.5466008771929824  0.04312865497076023  0.02850877192982456  
 0  0.29239766081871343  0.6365131578947368  0.0445906432748538  0.02631578947368421  
 0  0.2942251461988304  0.7445175438596491  0.043859649122807015  0.029605263157894735  
 0  0.39400584795321636  0.8640350877192983  0.04312865497076023  0.029605263157894735  
 0  0.5720029239766082  0.8881578947368421  0.04239766081871345  0.027412280701754384  
 0  0.6567982456140351  0.8174342105263158  0.043859649122807015  0.03070175438596491  
 0  0.5910087719298246  0.7023026315789473  0.043859649122807015  0.03070175438596491  
 0  0.5877192982456141  0.6145833333333334  0.041666666666666664  0.03289473684210526  
 0  0.5537280701754386  0.5049342105263158  0.043859649122807015  0.03508771929824561  
 0  0.5032894736842105  0.3963815789473684  0.043859649122807015  0.02850877192982456  
 0  0.60453216374269  0.29605263157894735  0.046052631578947366  0.029605263157894735  
 0  0.518640350877193  0.18859649122807018  0.04239766081871345  0.027412280701754384  
 0  0.6728801169590644  0.10526315789473684  0.04532163742690058  0.029605263157894735  
