 0  0.4279970760233918  0.11787280701754387  0.043859649122807015  0.03289473684210526  
 0  0.31103801169590645  0.2149122807017544  0.043859649122807015  0.029605263157894735  
 0  0.36257309941520466  0.3399122807017544  0.04312865497076023  0.03179824561403509  
 0  0.35635964912280704  0.4479166666666667  0.04532163742690058  0.03070175438596491  
 0  0.35453216374269003  0.5553728070175439  0.04312865497076023  0.03070175438596491  
 0  0.2916666666666667  0.6365131578947368  0.04312865497076023  0.02850877192982456  
 0  0.2942251461988304  0.7450657894736842  0.04239766081871345  0.02850877192982456  
 0  0.3961988304093567  0.8640350877192983  0.0445906432748538  0.029605263157894735  
 0  0.5007309941520468  0.5016447368421053  0.04312865497076023  0.03070175438596491  
 0  0.5036549707602339  0.40625  0.041666666666666664  0.03070175438596491  
 0  0.7160087719298246  0.6162280701754386  0.043859649122807015  0.025219298245614034  
 0  0.7266081871345029  0.7006578947368421  0.04312865497076023  0.027412280701754384  
 0  0.7309941520467836  0.8114035087719298  0.04312865497076023  0.027412280701754384  
 0  0.6355994152046783  0.9117324561403509  0.04093567251461988  0.02631578947368421  
 0  0.7097953216374269  0.33114035087719296  0.04312865497076023  0.027412280701754384  
 0  0.6162280701754386  0.21655701754385964  0.0445906432748538  0.03070175438596491  
 0  0.6736111111111112  0.10471491228070176  0.043859649122807015  0.02850877192982456  
