 0  0.4279970760233918  0.11732456140350878  0.043859649122807015  0.029605263157894735  
 0  0.6747076023391813  0.10416666666666667  0.041666666666666664  0.027412280701754384  
 0  0.6162280701754386  0.21710526315789475  0.0445906432748538  0.027412280701754384  
 0  0.7097953216374269  0.33223684210526316  0.046052631578947366  0.029605263157894735  
 0  0.5043859649122807  0.4067982456140351  0.046052631578947366  0.03179824561403509  
 0  0.5007309941520468  0.5016447368421053  0.0445906432748538  0.02631578947368421  
 0  0.7156432748538012  0.6167763157894737  0.04312865497076023  0.02631578947368421  
 0  0.7277046783625731  0.7006578947368421  0.043859649122807015  0.027412280701754384  
 0  0.7302631578947368  0.8119517543859649  0.0445906432748538  0.02850877192982456  
 0  0.6352339181286549  0.9117324561403509  0.04312865497076023  0.02850877192982456  
 0  0.39546783625730997  0.8629385964912281  0.04312865497076023  0.027412280701754384  
 0  0.29349415204678364  0.7445175438596491  0.043859649122807015  0.027412280701754384  
 0  0.29239766081871343  0.6365131578947368  0.0445906432748538  0.02850877192982456  
 0  0.3534356725146199  0.5542763157894737  0.04239766081871345  0.03289473684210526  
 0  0.3567251461988304  0.44901315789473684  0.0445906432748538  0.03289473684210526  
 0  0.36293859649122806  0.33881578947368424  0.04678362573099415  0.03399122807017544  
 0  0.31030701754385964  0.2149122807017544  0.04532163742690058  0.029605263157894735  
