 0  0.4309210526315789  0.7554824561403509  0.043859649122807015  0.03179824561403509  
 0  0.4247076023391813  0.6502192982456141  0.041666666666666664  0.025219298245614034  
 0  0.3574561403508772  0.8662280701754386  0.041666666666666664  0.03179824561403509  
 0  0.4279970760233918  0.11787280701754387  0.043859649122807015  0.03070175438596491  
 0  0.31103801169590645  0.21600877192982457  0.043859649122807015  0.027412280701754384  
 0  0.36366959064327486  0.3393640350877193  0.04678362573099415  0.03289473684210526  
 0  0.35562865497076024  0.4479166666666667  0.043859649122807015  0.03070175438596491  
 0  0.3541666666666667  0.555921052631579  0.04532163742690058  0.03179824561403509  
 0  0.5040204678362573  0.4057017543859649  0.04239766081871345  0.03179824561403509  
 0  0.7152777777777778  0.6140350877192983  0.043859649122807015  0.029605263157894735  
 0  0.7277046783625731  0.7006578947368421  0.043859649122807015  0.027412280701754384  
 0  0.7306286549707602  0.8114035087719298  0.04239766081871345  0.027412280701754384  
 0  0.6352339181286549  0.9106359649122807  0.041666666666666664  0.02631578947368421  
 0  0.7094298245614035  0.33168859649122806  0.04239766081871345  0.02631578947368421  
 0  0.6169590643274854  0.21710526315789475  0.04312865497076023  0.029605263157894735  
 0  0.6739766081871345  0.10581140350877193  0.041666666666666664  0.02850877192982456  
 0  0.5014619883040936  0.5032894736842105  0.0445906432748538  0.03179824561403509  
