 0  0.3987573099415205  0.1600877192982456  0.04678362573099415  0.03179824561403509  
 0  0.2989766081871345  0.24671052631578946  0.0445906432748538  0.023026315789473683  
 0  0.4331140350877193  0.3530701754385965  0.04532163742690058  0.029605263157894735  
 0  0.4228801169590643  0.4512061403508772  0.04532163742690058  0.02850877192982456  
 0  0.42909356725146197  0.5668859649122807  0.04312865497076023  0.027412280701754384  
 0  0.42543859649122806  0.6507675438596491  0.041666666666666664  0.02412280701754386  
 0  0.4309210526315789  0.7571271929824561  0.043859649122807015  0.02850877192982456  
 0  0.3567251461988304  0.8662280701754386  0.0445906432748538  0.027412280701754384  
 0  0.7280701754385965  0.700109649122807  0.04312865497076023  0.02850877192982456  
 0  0.731359649122807  0.8103070175438597  0.04532163742690058  0.025219298245614034  
 0  0.6352339181286549  0.9111842105263158  0.041666666666666664  0.025219298245614034  
 0  0.716374269005848  0.6156798245614035  0.0445906432748538  0.02850877192982456  
 0  0.5003654970760234  0.5010964912280702  0.04532163742690058  0.027412280701754384  
 0  0.5036549707602339  0.40460526315789475  0.0445906432748538  0.03179824561403509  
 0  0.7094298245614035  0.33223684210526316  0.04678362573099415  0.029605263157894735  
 0  0.616593567251462  0.21546052631578946  0.04678362573099415  0.02850877192982456  
 0  0.6732456140350878  0.10471491228070176  0.04312865497076023  0.03070175438596491  
