 0  0.3991228070175439  0.15844298245614036  0.04312865497076023  0.02850877192982456  
 0  0.6743421052631579  0.10471491228070176  0.04532163742690058  0.03070175438596491  
 0  0.6173245614035088  0.21546052631578946  0.04239766081871345  0.02631578947368421  
 0  0.7086988304093568  0.33168859649122806  0.04239766081871345  0.02850877192982456  
 0  0.5040204678362573  0.40625  0.04532163742690058  0.03289473684210526  
 0  0.4992690058479532  0.5021929824561403  0.0445906432748538  0.029605263157894735  
 0  0.42872807017543857  0.5646929824561403  0.04239766081871345  0.029605263157894735  
 0  0.5135233918128655  0.6990131578947368  0.043859649122807015  0.03070175438596491  
 0  0.591374269005848  0.7966008771929824  0.0445906432748538  0.03289473684210526  
 0  0.5098684210526315  0.7976973684210527  0.043859649122807015  0.03070175438596491  
 0  0.5087719298245614  0.8974780701754386  0.04312865497076023  0.03070175438596491  
 0  0.3369883040935672  0.8530701754385965  0.04312865497076023  0.03179824561403509  
 0  0.24744152046783627  0.6398026315789473  0.043859649122807015  0.03289473684210526  
 0  0.24378654970760233  0.7357456140350878  0.04239766081871345  0.03179824561403509  
 0  0.42251461988304095  0.4517543859649123  0.041666666666666664  0.025219298245614034  
 0  0.4331140350877193  0.3541666666666667  0.04532163742690058  0.03179824561403509  
 0  0.30043859649122806  0.2450657894736842  0.046052631578947366  0.03070175438596491  
