 0  0.3980263157894737  0.15844298245614036  0.04532163742690058  0.03070175438596491  
 0  0.30080409356725146  0.24561403508771928  0.043859649122807015  0.025219298245614034  
 0  0.4334795321637427  0.3541666666666667  0.0445906432748538  0.029605263157894735  
 0  0.4232456140350877  0.4517543859649123  0.0445906432748538  0.029605263157894735  
 0  0.4294590643274854  0.5663377192982456  0.04239766081871345  0.03070175438596491  
 0  0.24890350877192982  0.643640350877193  0.04239766081871345  0.029605263157894735  
 0  0.24415204678362573  0.7357456140350878  0.04312865497076023  0.029605263157894735  
 0  0.514985380116959  0.6973684210526315  0.043859649122807015  0.03179824561403509  
 0  0.5007309941520468  0.5010964912280702  0.04751461988304093  0.03179824561403509  
 0  0.6823830409356725  0.7055921052631579  0.043859649122807015  0.03070175438596491  
 0  0.5924707602339181  0.7774122807017544  0.04239766081871345  0.03399122807017544  
 0  0.5105994152046783  0.7987938596491229  0.04239766081871345  0.02850877192982456  
 0  0.7086988304093568  0.33114035087719296  0.04239766081871345  0.027412280701754384  
 0  0.6180555555555556  0.21655701754385964  0.04824561403508772  0.02850877192982456  
 0  0.6739766081871345  0.10471491228070176  0.04312865497076023  0.03070175438596491  
 0  0.5087719298245614  0.8974780701754386  0.0445906432748538  0.02850877192982456  
 0  0.3369883040935672  0.8547149122807017  0.046052631578947366  0.03289473684210526  
 0  0.5054824561403509  0.40625  0.043859649122807015  0.02850877192982456  
