 0  0.3205409356725146  0.07072368421052631  0.04239766081871345  0.03070175438596491  
 0  0.22478070175438597  0.15734649122807018  0.04532163742690058  0.02850877192982456  
 0  0.3260233918128655  0.2708333333333333  0.0445906432748538  0.027412280701754384  
 0  0.3260233918128655  0.3607456140350877  0.04312865497076023  0.027412280701754384  
 0  0.32383040935672514  0.4583333333333333  0.04312865497076023  0.029605263157894735  
 0  0.33223684210526316  0.5827850877192983  0.043859649122807015  0.03070175438596491  
 0  0.24890350877192982  0.6606359649122807  0.043859649122807015  0.02850877192982456  
 0  0.39585691378985094  0.0636672325976231  0.043034333144689685  0.028296547821165818  
 0  0.4052890963969063  0.1697792869269949  0.04185531031880785  0.026528013582342948  
 0  0.4002782493869081  0.2750070741369553  0.0436238445576306  0.026528013582342917  
 0  0.40293105074514246  0.38200339558573854  0.04067628749292585  0.02475947934352007  
 0  0.4946000754574609  0.49076825127334467  0.04244482173174868  0.02475947934352007  
 0  0.5137591963780419  0.6981288907753255  0.041855310318807765  0.02918081494057726  
 0  0.24376296925108473  0.7503006508205998  0.04303433314468964  0.027412280701754384  
 0  0.5099273721939256  0.7962825410299944  0.04126579890586677  0.022106677985285757  
 0  0.5930484814186002  0.7927454725523486  0.04126579890586677  0.023875212224108634  
