 0  0.3205128205128205  0.07011217948717949  0.04357849752586596  0.0284665991902834  
 0  0.3950179937022042  0.06378626855600539  0.04357849752586593  0.026357962213225374  
 0  0.40450686009896536  0.1697452766531714  0.04428137651821864  0.029520917678812427  
 0  0.40099246513720194  0.2746499662618084  0.04287561853351329  0.028466599190283392  
 0  0.4034525416104363  0.3827176113360324  0.044984255510571225  0.02952091767881246  
 0  0.4944753711201079  0.4913124156545209  0.04428137651821864  0.027412280701754384  
 0  0.22456983805668015  0.15867493252361672  0.04146986054880791  0.02635796221322538  
 0  0.3250815339631129  0.2699055330634278  0.04428137651821864  0.031629554655870466  
 0  0.32543297345928923  0.3611040823211876  0.04498425551057131  0.030575236167341466  
 0  0.3250815339631129  0.4586285425101215  0.04287561853351329  0.029520917678812396  
 0  0.33246176338281597  0.5825109649122807  0.04217273954116058  0.028466599190283392  
 0  0.2484677237966712  0.6605305330634278  0.04287561853351325  0.02424932523616737  
 0  0.24354757085020243  0.750147604588394  0.04287561853351329  0.026357962213225256  
 0  0.33808479532163743  0.8534708164642374  0.04498425551057131  0.028466599190283392  
 0  0.5102901484480432  0.7981190958164642  0.04357849752586596  0.031629554655870404  
 0  0.5078300719748088  0.8982793522267206  0.04428137651821864  0.031629554655870404  
