 0  0.3201754385964912  0.07072368421052631  0.041666666666666664  0.02850877192982456  
 0  0.3965643274853801  0.06195175438596491  0.043859649122807015  0.02850877192982456  
 0  0.22478070175438597  0.15405701754385964  0.04093567251461988  0.02850877192982456  
 0  0.40460526315789475  0.1699561403508772  0.043859649122807015  0.027412280701754384  
 0  0.40021929824561403  0.2735745614035088  0.043859649122807015  0.02850877192982456  
 0  0.3256578947368421  0.26918859649122806  0.04239766081871345  0.02631578947368421  
 0  0.40387426900584794  0.3821271929824561  0.04239766081871345  0.02631578947368421  
 0  0.5054824561403509  0.4895833333333333  0.04239766081871345  0.02631578947368421  
 0  0.23428362573099415  0.36293859649122806  0.043859649122807015  0.025219298245614034  
 0  0.23720760233918128  0.4654605263157895  0.04093567251461988  0.02631578947368421  
 0  0.33260233918128657  0.5833333333333334  0.041666666666666664  0.029605263157894735  
 0  0.4108187134502924  0.569078947368421  0.04312865497076023  0.027412280701754384  
 0  0.501827485380117  0.6946271929824561  0.043859649122807015  0.02850877192982456  
 0  0.23976608187134502  0.65625  0.04312865497076023  0.02850877192982456  
 0  0.23830409356725146  0.7467105263157895  0.041666666666666664  0.025219298245614034  
 0  0.5069444444444444  0.7861842105263158  0.04239766081871345  0.027412280701754384  
 0  0.5062134502923976  0.8898026315789473  0.04239766081871345  0.02850877192982456  
 0  0.3336988304093567  0.8607456140350878  0.04239766081871345  0.03179824561403509  
