 0  0.32090643274853803  0.07017543859649122  0.0445906432748538  0.029605263157894735  
 0  0.3958333333333333  0.06304824561403509  0.04093567251461988  0.02850877192982456  
 0  0.3965643274853801  0.16666666666666666  0.04532163742690058  0.027412280701754384  
 0  0.3991228070175439  0.2730263157894737  0.046052631578947366  0.029605263157894735  
 0  0.22551169590643275  0.15296052631578946  0.043859649122807015  0.03508771929824561  
 0  0.3260233918128655  0.2675438596491228  0.0445906432748538  0.029605263157894735  
 0  0.23355263157894737  0.36239035087719296  0.04532163742690058  0.02631578947368421  
 0  0.23538011695906433  0.46381578947368424  0.0445906432748538  0.029605263157894735  
 0  0.33223684210526316  0.581140350877193  0.04532163742690058  0.025219298245614034  
 0  0.241593567251462  0.65625  0.04532163742690058  0.03289473684210526  
 0  0.40387426900584794  0.38103070175438597  0.04239766081871345  0.02631578947368421  
 0  0.5036549707602339  0.4917763157894737  0.041666666666666664  0.02850877192982456  
 0  0.4097222222222222  0.569078947368421  0.043859649122807015  0.029605263157894735  
 0  0.5025584795321637  0.6957236842105263  0.04093567251461988  0.02412280701754386  
 0  0.5076754385964912  0.7867324561403509  0.04239766081871345  0.02631578947368421  
 0  0.5058479532163743  0.8898026315789473  0.041666666666666664  0.02850877192982456  
 0  0.3336988304093567  0.8629385964912281  0.04239766081871345  0.025219298245614034  
 0  0.23866959064327486  0.7467105263157895  0.043859649122807015  0.025219298245614034  
 0  0.5734649122807017  0.5981359649122807  0.04239766081871345  0.02850877192982456  
 0  0.6677631578947368  0.5021929824561403  0.043859649122807015  0.023026315789473683  
 0  0.6652046783625731  0.39747807017543857  0.04312865497076023  0.02412280701754386  
 0  0.5650584795321637  0.2894736842105263  0.0445906432748538  0.029605263157894735  
 0  0.5646929824561403  0.17817982456140352  0.043859649122807015  0.03070175438596491  
