 0  0.3205409356725146  0.06962719298245613  0.04678362573099415  0.02850877192982456  
 0  0.22587719298245615  0.15405701754385964  0.041666666666666664  0.02850877192982456  
 0  0.3252923976608187  0.26973684210526316  0.04312865497076023  0.029605263157894735  
 0  0.23501461988304093  0.36293859649122806  0.04239766081871345  0.027412280701754384  
 0  0.23720760233918128  0.46381578947368424  0.043859649122807015  0.029605263157894735  
 0  0.33260233918128657  0.5827850877192983  0.0445906432748538  0.03070175438596491  
 0  0.2412280701754386  0.6578947368421053  0.0445906432748538  0.027412280701754384  
 0  0.23903508771929824  0.7461622807017544  0.04312865497076023  0.02850877192982456  
 0  0.3340643274853801  0.8618421052631579  0.04312865497076023  0.029605263157894735  
 0  0.5054824561403509  0.8881578947368421  0.04239766081871345  0.029605263157894735  
 0  0.5076754385964912  0.7850877192982456  0.04532163742690058  0.029605263157894735  
 0  0.5032894736842105  0.6951754385964912  0.043859649122807015  0.029605263157894735  
 0  0.40826023391812866  0.569078947368421  0.043859649122807015  0.027412280701754384  
 0  0.5043859649122807  0.4901315789473684  0.0445906432748538  0.025219298245614034  
 0  0.4031432748538012  0.3826754385964912  0.04093567251461988  0.025219298245614034  
 0  0.3969298245614035  0.2735745614035088  0.041666666666666664  0.02850877192982456  
 0  0.39510233918128657  0.16666666666666666  0.04093567251461988  0.025219298245614034  
 0  0.3961988304093567  0.0625  0.041666666666666664  0.023026315789473683  
 0  0.5767543859649122  0.43530701754385964  0.04312865497076023  0.029605263157894735  
 0  0.6677631578947368  0.3574561403508772  0.043859649122807015  0.027412280701754384  
 0  0.6637426900584795  0.2675438596491228  0.04312865497076023  0.029605263157894735  
 0  0.5628654970760234  0.16392543859649122  0.04312865497076023  0.02850877192982456  
 0  0.5738304093567251  0.06414473684210527  0.04312865497076023  0.03070175438596491  
