 0  0.3201754385964912  0.06798245614035088  0.041666666666666664  0.027412280701754384  
 0  0.3961988304093567  0.06195175438596491  0.04312865497076023  0.02631578947368421  
 0  0.3932748538011696  0.16611842105263158  0.041666666666666664  0.02850877192982456  
 0  0.40095029239766083  0.27631578947368424  0.04239766081871345  0.027412280701754384  
 0  0.22624269005847952  0.15405701754385964  0.043859649122807015  0.03070175438596491  
 0  0.3263888888888889  0.2680921052631579  0.04824561403508772  0.02850877192982456  
 0  0.2320906432748538  0.3612938596491228  0.043859649122807015  0.03289473684210526  
 0  0.2328216374269006  0.4621710526315789  0.04239766081871345  0.02850877192982456  
 0  0.3132309941520468  0.5800438596491229  0.043859649122807015  0.03179824561403509  
 0  0.39473684210526316  0.3854166666666667  0.041666666666666664  0.03070175438596491  
 0  0.49744152046783624  0.5021929824561403  0.04093567251461988  0.029605263157894735  
 0  0.3983918128654971  0.5756578947368421  0.0402046783625731  0.023026315789473683  
 0  0.4930555555555556  0.6842105263157895  0.04239766081871345  0.027412280701754384  
 0  0.21271929824561403  0.65625  0.04312865497076023  0.02631578947368421  
 0  0.5836988304093568  0.3218201754385965  0.04093567251461988  0.02850877192982456  
 0  0.5826023391812866  0.4161184210526316  0.0402046783625731  0.02631578947368421  
 0  0.6864035087719298  0.53125  0.0402046783625731  0.02631578947368421  
 0  0.6889619883040936  0.6354166666666666  0.04239766081871345  0.02631578947368421  
 0  0.5906432748538012  0.7286184210526315  0.0402046783625731  0.02412280701754386  
 0  0.49853801169590645  0.7823464912280702  0.0402046783625731  0.02631578947368421  
 0  0.49451754385964913  0.8848684210526315  0.04239766081871345  0.027412280701754384  
 0  0.3296783625730994  0.8618421052631579  0.0445906432748538  0.029605263157894735  
 0  0.23464912280701755  0.7489035087719298  0.04312865497076023  0.027412280701754384  
