 0  0.3194444444444444  0.06907894736842106  0.046052631578947366  0.025219298245614034  
 0  0.3961988304093567  0.06304824561403509  0.04312865497076023  0.02631578947368421  
 0  0.3921783625730994  0.16666666666666666  0.04239766081871345  0.027412280701754384  
 0  0.49159356725146197  0.2987938596491228  0.04239766081871345  0.02850877192982456  
 0  0.3987573099415205  0.38651315789473684  0.04532163742690058  0.03070175438596491  
 0  0.3267543859649123  0.38980263157894735  0.0445906432748538  0.03070175438596491  
 0  0.32456140350877194  0.27850877192982454  0.046052631578947366  0.029605263157894735  
 0  0.22587719298245615  0.15186403508771928  0.046052631578947366  0.03070175438596491  
 0  0.49890350877192985  0.5016447368421053  0.043859649122807015  0.02850877192982456  
 0  0.5844298245614035  0.3223684210526316  0.04239766081871345  0.027412280701754384  
 0  0.58296783625731  0.4133771929824561  0.04532163742690058  0.029605263157894735  
 0  0.6871345029239766  0.53125  0.0445906432748538  0.02850877192982456  
 0  0.2320906432748538  0.46600877192982454  0.04532163742690058  0.027412280701754384  
 0  0.3972953216374269  0.575109649122807  0.04239766081871345  0.03070175438596491  
 0  0.31798245614035087  0.5800438596491229  0.046052631578947366  0.029605263157894735  
 0  0.4934210526315789  0.6825657894736842  0.041666666666666664  0.02412280701754386  
 0  0.6878654970760234  0.6332236842105263  0.0402046783625731  0.02631578947368421  
 0  0.5910087719298246  0.7286184210526315  0.043859649122807015  0.02631578947368421  
 0  0.4926900584795322  0.7845394736842105  0.0445906432748538  0.02631578947368421  
 0  0.2233187134502924  0.6589912280701754  0.04239766081871345  0.025219298245614034  
 0  0.2236842105263158  0.75  0.0402046783625731  0.020833333333333332  
 0  0.3223684210526316  0.8695175438596491  0.041666666666666664  0.029605263157894735  
 0  0.48830409356725146  0.8821271929824561  0.0445906432748538  0.02631578947368421  
