 0  0.3194444444444444  0.07072368421052631  0.041666666666666664  0.02850877192982456  
 0  0.3958333333333333  0.06359649122807018  0.04239766081871345  0.03179824561403509  
 0  0.22551169590643275  0.1524122807017544  0.043859649122807015  0.03179824561403509  
 0  0.3925438596491228  0.16557017543859648  0.04312865497076023  0.027412280701754384  
 0  0.5694444444444444  0.10142543859649122  0.0445906432748538  0.02631578947368421  
 0  0.5826023391812866  0.20285087719298245  0.0445906432748538  0.025219298245614034  
 0  0.3246474028207774  0.27936339009287925  0.041924664602683154  0.02821852425180597  
 0  0.49100232198142413  0.29710074819401444  0.042462160302717517  0.028218524251806  
 0  0.5861390608875129  0.2995194788441692  0.0424621603027176  0.02660603715170277  
 0  0.3270661334709322  0.3898187564499484  0.04246216030271756  0.029831011351909166  
 0  0.398015565875473  0.3869969040247678  0.041387168902648784  0.027412280701754384  
 0  0.582376590987272  0.41561855005159953  0.0413871689026487  0.02660603715170277  
 0  0.23246689026487788  0.46560565015479877  0.0424621603027176  0.026606037151702833  
 0  0.49718352253181974  0.5022897316821465  0.04407464740282075  0.029024767801857615  
 0  0.6855757653938768  0.5301051341589267  0.0424621603027176  0.029831011351909166  
 0  0.3184662022703818  0.5808984778121775  0.041387168902648784  0.02660603715170277  
 0  0.3985530615755074  0.5756578947368421  0.041387168902648784  0.025799793601651157  
 0  0.6874570003439971  0.6349167956656346  0.04192466460268311  0.02660603715170277  
 0  0.22198572411420706  0.6582978586171311  0.04514963880288961  0.02660603715170277  
 0  0.49288355693154456  0.6840976522187823  0.04299965600275201  0.02660603715170277  
 0  0.5920515135878912  0.7284410474716201  0.042462160302717517  0.02660603715170277  
 0  0.6888007395940833  0.8429276315789473  0.0424621603027176  0.028218524251805877  
 0  0.49288355693154456  0.7860874613003096  0.041924664602683195  0.027412280701754384  
 0  0.22359821121431028  0.7494033797729618  0.041924664602683195  0.028218524251806  
 0  0.3208849329205366  0.8711461558307534  0.04299965600275201  0.029831011351909104  
 0  0.48750859993120055  0.8816273219814241  0.04622463020295839  0.028218524251806  
