 0  0.3201754385964912  0.06907894736842106  0.0445906432748538  0.027412280701754384  
 0  0.39585691378985094  0.06322509903791737  0.044213355970571556  0.027412280701754378  
 0  0.2257828711563856  0.1529782116581777  0.04008677607998493  0.026528013582342965  
 0  0.3932041124316167  0.16668435200905488  0.04126579890586681  0.023875212224108665  
 0  0.32364176570458403  0.2781020090548953  0.0436238445576306  0.02918081494057726  
 0  0.49135776268628556  0.29844015280135827  0.041855310318807765  0.027412280701754384  
 0  0.3265893227692888  0.3899617996604414  0.04126579890586681  0.028296547821165825  
 0  0.3985097151480853  0.3868668647425014  0.042444821731748766  0.027412280701754384  
 0  0.4969581211092246  0.502705857385399  0.042444821731748766  0.030949349179400076  
 0  0.23167798528579514  0.46468237125070744  0.0436238445576306  0.02918081494057726  
 0  0.31833616298811546  0.5796370967741935  0.043623844557630645  0.027412280701754384  
 0  0.3979202037351443  0.5761000282965479  0.04362384455763069  0.02918081494057726  
 0  0.22224580267873983  0.6587790039615167  0.043623844557630645  0.030065082059988636  
 0  0.4925367855121675  0.6844227504244482  0.043034333144689685  0.026528013582342885  
 0  0.22224580267873983  0.7511849179400112  0.043623844557630645  0.02564374646293151  
 0  0.49283154121863804  0.7856713355970572  0.0436238445576306  0.02918081494057726  
 0  0.5653414450103754  0.11981819468024901  0.04244482173174868  0.025643746462931525  
 0  0.6696849651009243  0.24317345783814376  0.04244482173174868  0.02475947934352007  
 0  0.6705692322203358  0.343979909451047  0.041855310318807765  0.026528013582342948  
 0  0.5753631390303716  0.43019595359366153  0.04126579890586685  0.027412280701754384  
 0  0.6688006979815129  0.5438242784380306  0.041855310318807765  0.026528013582342948  
 0  0.6690954536879834  0.6472835314091681  0.042444821731748766  0.028296547821165887  
 0  0.5721208262591965  0.728193972835314  0.043034333144689685  0.02918081494057726  
