 0  0.3194444444444444  0.06962719298245613  0.04312865497076023  0.03070175438596491  
 0  0.39437134502923976  0.06304824561403509  0.04239766081871345  0.02412280701754386  
 0  0.564327485380117  0.06304824561403509  0.041666666666666664  0.02412280701754386  
 0  0.5672514619883041  0.17160087719298245  0.041666666666666664  0.021929824561403508  
 0  0.3932748538011696  0.16776315789473684  0.041666666666666664  0.029605263157894735  
 0  0.32492690058479534  0.27850877192982454  0.04532163742690058  0.03399122807017544  
 0  0.32785087719298245  0.3892543859649123  0.04678362573099415  0.03399122807017544  
 0  0.4908625730994152  0.2982456140350877  0.04239766081871345  0.03179824561403509  
 0  0.39766081871345027  0.38596491228070173  0.0445906432748538  0.03399122807017544  
 0  0.6699561403508771  0.26973684210526316  0.043859649122807015  0.027412280701754384  
 0  0.6717836257309941  0.35910087719298245  0.0445906432748538  0.02850877192982456  
 0  0.5745614035087719  0.4413377192982456  0.04312865497076023  0.02631578947368421  
 0  0.49707602339181284  0.5005482456140351  0.041666666666666664  0.03070175438596491  
 0  0.23108847387285417  0.46468237125070744  0.04480286738351252  0.027412280701754384  
 0  0.31863091869458593  0.5805213638936051  0.04067628749292585  0.02387521222410876  
 0  0.3988044708545557  0.5765421618562535  0.043034333144689685  0.028296547821165887  
 0  0.6705692322203358  0.5429400113186191  0.0442133559705716  0.028296547821165825  
 0  0.6690954536879834  0.6472835314091681  0.04126579890586677  0.033602150537634386  
 0  0.4916525183927561  0.6830963497453311  0.04480286738351252  0.027412280701754384  
 0  0.2231300697981513  0.6587790039615167  0.041855310318807765  0.024759479343520133  
 0  0.22371958121109226  0.7503006508205998  0.041855310318807765  0.023875212224108634  
 0  0.4931262969251084  0.7852292020373515  0.043034333144689685  0.03006508205998876  
 0  0.5715313148462554  0.7286361063950197  0.041855310318807765  0.03006508205998876  
 0  0.3207236842105263  0.8678042763157895  0.04568713450292398  0.028554459064327443  
 0  0.48443591617933723  0.8729440789473685  0.04264132553606232  0.027412280701754384  
 0  0.668707358674464  0.844389619883041  0.04416423001949315  0.029696637426900502  
 0  0.5678149366471735  0.9186312134502925  0.04492568226120852  0.027412280701754384  
 0  0.38849293372319693  0.9460434941520469  0.04264132553606232  0.025127923976608145  
