 0  0.3198099415204678  0.06962719298245613  0.043859649122807015  0.02631578947368421  
 0  0.22660818713450293  0.15296052631578946  0.046052631578947366  0.02850877192982456  
 0  0.39400584795321636  0.06414473684210527  0.041666666666666664  0.02850877192982456  
 0  0.391812865497076  0.16776315789473684  0.046052631578947366  0.027412280701754384  
 0  0.3252923976608187  0.2774122807017544  0.0445906432748538  0.029605263157894735  
 0  0.3252923976608187  0.3892543859649123  0.046052631578947366  0.03399122807017544  
 0  0.3983918128654971  0.3821271929824561  0.04312865497076023  0.03289473684210526  
 0  0.49122807017543857  0.2982456140350877  0.046052631578947366  0.03179824561403509  
 0  0.2328216374269006  0.4643640350877193  0.04824561403508772  0.03070175438596491  
 0  0.49780701754385964  0.49835526315789475  0.0445906432748538  0.03070175438596491  
 0  0.5610380116959064  0.07401315789473684  0.04239766081871345  0.03070175438596491  
 0  0.6542397660818714  0.18695175438596492  0.04312865497076023  0.03070175438596491  
 0  0.5698099415204678  0.2730263157894737  0.043859649122807015  0.025219298245614034  
 0  0.6726758685930513  0.38175632094943235  0.041387168902648784  0.029831011351909166  
 0  0.5740454076367388  0.45512448400412797  0.04299965600275193  0.028218524251806  
 0  0.5735079119367045  0.5446175180598555  0.04084967320261437  0.024993550051599606  
 0  0.5012147402820777  0.5966202270381837  0.041387168902648784  0.027412280701754384  
 0  0.31873495012039904  0.5796891124871001  0.041924664602683195  0.025799793601651157  
 0  0.22252321981424147  0.6595072239422085  0.04084967320261437  0.024187306501548055  
 0  0.49288355693154456  0.6901444788441692  0.04407464740282075  0.027412280701754384  
 0  0.6686446508427933  0.6506385448916409  0.04084967320261437  0.025799793601651157  
 0  0.5712583928958197  0.729978882391163  0.04196447909898201  0.02842755035737498  
 0  0.6697395494910114  0.8447043534762833  0.042641325536062404  0.026397011046133918  
 0  0.4930826294130387  0.7827729044834308  0.042641325536062404  0.02842755035737498  
 0  0.22234405458089665  0.7507919103313839  0.043995018410223075  0.029442820012995446  
 0  0.31947151830192766  0.8665326510721247  0.043318171973142715  0.027412280701754384  
 0  0.48529889538661464  0.8731319038336582  0.04196447909898201  0.024366471734892856  
 0  0.5685763888888888  0.9186312134502925  0.04187987329434695  0.029696637426900627  
 0  0.3869700292397661  0.9477567616959065  0.04416423001949315  0.030838815789473683  
