 0  0.32044010889292196  0.08412734422262554  0.044741883444242826  0.0340290381125227  
 0  0.3929093567251462  0.07231170598911071  0.046002218189151026  0.027412280701754384  
 0  0.5605338777979432  0.07467483363581368  0.043481548699334543  0.026467029643073212  
 0  0.6550589836660619  0.18905021173623715  0.048522887678967515  0.03213853599516033  
 0  0.48491379310344834  0.18905021173623715  0.040960879209518054  0.02457652752571081  
 0  0.4912154668279896  0.2986993345432547  0.04600221818915111  0.0340290381125227  
 0  0.5712467231296632  0.2741228070175439  0.04222121395442634  0.028357531760435598  
 0  0.671758419036096  0.384244555353902  0.04537205081669693  0.02930278281911675  
 0  0.39795069570477914  0.38471718088324264  0.043481548699334543  0.026467029643073233  
 0  0.3235909457551926  0.2802669388989716  0.042221213954426295  0.02930278281911672  
 0  0.21520215769308326  0.16211055656382337  0.042221213954426295  0.031193284936479146  
 0  0.3270568663036903  0.38991606170598914  0.04537205081669693  0.033083787053841546  
 0  0.23221667674934465  0.46600877192982454  0.042221213954426295  0.028357531760435598  
 0  0.31886469046178667  0.5803841500302481  0.04411171607178868  0.028357531760435536  
 0  0.22276416616253278  0.6597852389594677  0.043481548699334543  0.026467029643073233  
 0  0.49625680580762255  0.4981473079249849  0.043481548699334543  0.030248033877797963  
 0  0.5743975599919339  0.45561101028433154  0.040960879209518054  0.028357531760435598  
 0  0.5725070578745716  0.5454098608590442  0.039700544464609855  0.02457652752571081  
 0  0.6686075821738254  0.6503327283726558  0.04159104658197216  0.026467029643073233  
 0  0.5006679774148014  0.595508166969147  0.04474188344424274  0.028357531760435536  
 0  0.4924758015728978  0.6890880217785845  0.040960879209518054  0.02835753176043566  
 0  0.569986388384755  0.7273706896551724  0.040960879209518054  0.023631276467029658  
 0  0.3941696914700545  0.7713248638838477  0.042221213954426295  0.02457652752571081  
 0  0.22339433353498692  0.7514745916515427  0.043481548699334543  0.026467029643073233  
 0  0.3197463768115942  0.868540236460717  0.0437007373506229  0.027412280701754384  
 0  0.4846173404525807  0.8756912662090007  0.04290617848970249  0.025028604118993145  
 0  0.6685577167556572  0.8458953089244851  0.0437007373506229  0.029795957284515628  
 0  0.5680460208492245  0.9197892829900839  0.04131706076786166  0.027412280701754384  
 0  0.38728387998982966  0.954352593440122  0.045289855072463726  0.029795957284515628  
