 0  0.32090643274853803  0.08278508771929824  0.0445906432748538  0.03289473684210526  
 0  0.3932748538011696  0.07072368421052631  0.0445906432748538  0.03070175438596491  
 0  0.560672514619883  0.0762061403508772  0.041666666666666664  0.02412280701754386  
 0  0.6549707602339181  0.18914473684210525  0.0445906432748538  0.03289473684210526  
 0  0.4857456140350877  0.18969298245614036  0.04239766081871345  0.027412280701754384  
 0  0.2149122807017544  0.15953947368421054  0.04751461988304093  0.03289473684210526  
 0  0.3230994152046784  0.28015350877192985  0.046052631578947366  0.02850877192982456  
 0  0.4919590643274854  0.29989035087719296  0.046052631578947366  0.03070175438596491  
 0  0.5698099415204678  0.2735745614035088  0.043859649122807015  0.02631578947368421  
 0  0.6732456140350878  0.3821271929824561  0.041666666666666664  0.02850877192982456  
 0  0.32419590643274854  0.39035087719298245  0.04532163742690058  0.03399122807017544  
 0  0.3983918128654971  0.3848684210526316  0.0402046783625731  0.027412280701754384  
 0  0.2320906432748538  0.4649122807017544  0.043859649122807015  0.027412280701754384  
 0  0.5749269005847953  0.4550438596491228  0.04093567251461988  0.025219298245614034  
 0  0.49744152046783624  0.49835526315789475  0.043859649122807015  0.03070175438596491  
 0  0.31798245614035087  0.5783991228070176  0.04312865497076023  0.02850877192982456  
 0  0.5014619883040936  0.5948464912280702  0.046052631578947366  0.02850877192982456  
 0  0.6695906432748538  0.5619517543859649  0.041666666666666664  0.03070175438596491  
 0  0.66703216374269  0.649671052631579  0.043859649122807015  0.02631578947368421  
 0  0.6652046783625731  0.7439692982456141  0.041666666666666664  0.02850877192982456  
 0  0.4934210526315789  0.6885964912280702  0.0445906432748538  0.029605263157894735  
 0  0.32090643274853803  0.668859649122807  0.041666666666666664  0.029605263157894735  
 0  0.3932748538011696  0.7735745614035088  0.04312865497076023  0.02631578947368421  
 0  0.48501461988304095  0.875  0.043859649122807015  0.029605263157894735  
 0  0.6681286549707602  0.8453947368421053  0.04312865497076023  0.029605263157894735  
 0  0.5679824561403509  0.9221491228070176  0.04312865497076023  0.029605263157894735  
 0  0.38742690058479534  0.9544956140350878  0.041666666666666664  0.02631578947368421  
 0  0.3194444444444444  0.8700657894736842  0.04312865497076023  0.02850877192982456  
 0  0.22149122807017543  0.7669956140350878  0.041666666666666664  0.02631578947368421  
