 0  0.17068713450292397  0.24835526315789475  0.07163742690058479  0.03728070175438596  
 0  0.48099415204678364  0.13760964912280702  0.07383040935672515  0.03289473684210526  
 0  0.6549707602339181  0.15515350877192982  0.06944444444444445  0.03070175438596491  
 0  0.2569444444444444  0.35526315789473684  0.06871345029239766  0.029605263157894735  
 0  0.41739766081871343  0.4018640350877193  0.07236842105263158  0.02850877192982456  
 0  0.6483918128654971  0.3267543859649123  0.07090643274853801  0.04276315789473684  
 0  0.6352339181286549  0.5054824561403509  0.07090643274853801  0.047149122807017545  
 0  0.48903508771929827  0.48355263157894735  0.06944444444444445  0.03399122807017544  
 0  0.25109649122807015  0.5361842105263158  0.07309941520467836  0.03179824561403509  
 0  0.23684210526315788  0.731359649122807  0.07236842105263158  0.03399122807017544  
 0  0.483187134502924  0.6831140350877193  0.07236842105263158  0.04057017543859649  
 0  0.7185672514619883  0.5849780701754386  0.06652046783625731  0.03070175438596491  
 0  0.6951754385964912  0.7609649122807017  0.06944444444444445  0.029605263157894735  
 0  0.4696637426900585  0.8547149122807017  0.07017543859649122  0.041666666666666664  
 0  0.6980994152046783  0.9523026315789473  0.06944444444444445  0.03728070175438596  
