 0  0.1699561403508772  0.25109649122807015  0.06871345029239766  0.03399122807017544  
 0  0.48062865497076024  0.13651315789473684  0.07017543859649122  0.03070175438596491  
 0  0.6345029239766082  0.1836622807017544  0.06944444444444445  0.03070175438596491  
 0  0.25621345029239767  0.3536184210526316  0.07017543859649122  0.03070175438596491  
 0  0.48135964912280704  0.3092105263157895  0.07017543859649122  0.025219298245614034  
 0  0.6323099415204678  0.3673245614035088  0.06944444444444445  0.03179824561403509  
 0  0.7002923976608187  0.4517543859649123  0.06944444444444445  0.029605263157894735  
 0  0.7057748538011696  0.6096491228070176  0.06871345029239766  0.029605263157894735  
 0  0.4163011695906433  0.5904605263157895  0.07017543859649122  0.03289473684210526  
 0  0.2540204678362573  0.5356359649122807  0.07163742690058479  0.03070175438596491  
 0  0.2361111111111111  0.7302631578947368  0.07090643274853801  0.029605263157894735  
 0  0.47076023391812866  0.6853070175438597  0.07090643274853801  0.027412280701754384  
 0  0.6951754385964912  0.7664473684210527  0.06944444444444445  0.029605263157894735  
 0  0.7010233918128655  0.9523026315789473  0.06944444444444445  0.03508771929824561  
 0  0.3961988304093567  0.9692982456140351  0.07090643274853801  0.03179824561403509  
