 0  0.24707602339181287  0.13267543859649122  0.06944444444444445  0.029605263157894735  
 0  0.48099415204678364  0.13596491228070176  0.07090643274853801  0.029605263157894735  
 0  0.633406432748538  0.1825657894736842  0.07163742690058479  0.02631578947368421  
 0  0.6319444444444444  0.3673245614035088  0.07017543859649122  0.03837719298245614  
 0  0.4817251461988304  0.3086622807017544  0.07090643274853801  0.03289473684210526  
 0  0.24817251461988304  0.3218201754385965  0.07309941520467836  0.02850877192982456  
 0  0.25182748538011696  0.5054824561403509  0.07017543859649122  0.03179824561403509  
 0  0.41739766081871343  0.5904605263157895  0.06944444444444445  0.02850877192982456  
 0  0.7002923976608187  0.45285087719298245  0.06944444444444445  0.03179824561403509  
 0  0.7054093567251462  0.6107456140350878  0.07090643274853801  0.03399122807017544  
 0  0.4780701754385965  0.6825657894736842  0.06944444444444445  0.03070175438596491  
 0  0.1827485380116959  0.7856359649122807  0.07090643274853801  0.02850877192982456  
 0  0.3972953216374269  0.9682017543859649  0.06871345029239766  0.03179824561403509  
 0  0.695906432748538  0.7669956140350878  0.07236842105263158  0.03070175438596491  
 0  0.6995614035087719  0.9550438596491229  0.07236842105263158  0.03399122807017544  
