 0  0.24890350877192982  0.13048245614035087  0.07163742690058479  0.027412280701754384  
 0  0.48135964912280704  0.13541666666666666  0.07017543859649122  0.02631578947368421  
 0  0.633406432748538  0.1836622807017544  0.07017543859649122  0.03070175438596491  
 0  0.24890350877192982  0.3229166666666667  0.07309941520467836  0.02631578947368421  
 0  0.4824561403508772  0.3081140350877193  0.06944444444444445  0.029605263157894735  
 0  0.6308479532163743  0.3667763157894737  0.06944444444444445  0.03289473684210526  
 0  0.6991959064327485  0.4512061403508772  0.06871345029239766  0.03070175438596491  
 0  0.4163011695906433  0.5888157894736842  0.07163742690058479  0.03179824561403509  
 0  0.2507309941520468  0.506578947368421  0.07090643274853801  0.029605263157894735  
 0  0.18311403508771928  0.7867324561403509  0.07017543859649122  0.03070175438596491  
 0  0.4777046783625731  0.680921052631579  0.07163742690058479  0.03837719298245614  
 0  0.706140350877193  0.6112938596491229  0.06944444444444445  0.02850877192982456  
 0  0.695906432748538  0.768640350877193  0.06798245614035088  0.025219298245614034  
 0  0.40058479532163743  0.9473684210526315  0.07090643274853801  0.04057017543859649  
 0  0.6998604465709729  0.9549441786283891  0.06811536416799571  0.03862639553429029  
