 0  0.2463450292397661  0.13157894736842105  0.07090643274853801  0.029605263157894735  
 0  0.24926900584795322  0.3218201754385965  0.07090643274853801  0.02850877192982456  
 0  0.25146198830409355  0.5049342105263158  0.07090643274853801  0.03289473684210526  
 0  0.4817251461988304  0.13760964912280702  0.06798245614035088  0.02850877192982456  
 0  0.4820906432748538  0.3086622807017544  0.06871345029239766  0.03289473684210526  
 0  0.4163011695906433  0.5904605263157895  0.07163742690058479  0.03508771929824561  
 0  0.6341374269005848  0.18475877192982457  0.07017543859649122  0.03508771929824561  
 0  0.631578947368421  0.3673245614035088  0.07090643274853801  0.03179824561403509  
 0  0.7021198830409356  0.4479166666666667  0.07309941520467836  0.03508771929824561  
 0  0.4780701754385965  0.6825657894736842  0.06944444444444445  0.03070175438596491  
 0  0.18311403508771928  0.7850877192982456  0.07017543859649122  0.03179824561403509  
 0  0.40021929824561403  0.9462719298245614  0.07017543859649122  0.03618421052631579  
 0  0.6980994152046783  0.9610745614035088  0.07090643274853801  0.03728070175438596  
