 0  0.24744152046783627  0.13212719298245615  0.07309941520467836  0.03289473684210526  
 0  0.48062865497076024  0.13651315789473684  0.07163742690058479  0.02631578947368421  
 0  0.2496345029239766  0.32127192982456143  0.07163742690058479  0.025219298245614034  
 0  0.4824561403508772  0.31085526315789475  0.07090643274853801  0.02850877192982456  
 0  0.6323099415204678  0.18859649122807018  0.07090643274853801  0.03399122807017544  
 0  0.7086988304093568  0.27631578947368424  0.06871345029239766  0.03179824561403509  
 0  0.7028508771929824  0.45339912280701755  0.07163742690058479  0.02850877192982456  
 0  0.41703216374269003  0.5910087719298246  0.07309941520467836  0.03618421052631579  
 0  0.25182748538011696  0.5049342105263158  0.07163742690058479  0.02850877192982456  
 0  0.1823830409356725  0.7845394736842105  0.07017543859649122  0.02850877192982456  
 0  0.4784356725146199  0.6831140350877193  0.07309941520467836  0.029605263157894735  
 0  0.6330409356725146  0.7083333333333334  0.06944444444444445  0.03179824561403509  
 0  0.626827485380117  0.8821271929824561  0.07309941520467836  0.03508771929824561  
 0  0.3972953216374269  0.9462719298245614  0.07017543859649122  0.03837719298245614  
 0  0.6890616693248272  0.9661582934609251  0.06977671451355656  0.03115031897926644  
