 0  0.25  0.13103070175438597  0.07090643274853801  0.03289473684210526  
 0  0.48062865497076024  0.13815789473684212  0.07017543859649122  0.03179824561403509  
 0  0.4820906432748538  0.31030701754385964  0.06725146198830409  0.029605263157894735  
 0  0.6312134502923976  0.19024122807017543  0.06725146198830409  0.02850877192982456  
 0  0.7072368421052632  0.2768640350877193  0.06871345029239766  0.02850877192982456  
 0  0.25146198830409355  0.31414473684210525  0.07090643274853801  0.03289473684210526  
 0  0.4166666666666667  0.5899122807017544  0.06798245614035088  0.03399122807017544  
 0  0.702485380116959  0.45230263157894735  0.07090643274853801  0.02631578947368421  
 0  0.6330409356725146  0.7083333333333334  0.07090643274853801  0.03399122807017544  
 0  0.4824561403508772  0.6803728070175439  0.07090643274853801  0.03070175438596491  
 0  0.17580409356725146  0.7225877192982456  0.07163742690058479  0.03399122807017544  
 0  0.39766081871345027  0.9457236842105263  0.06944444444444445  0.03728070175438596  
 0  0.6271929824561403  0.8848684210526315  0.07383040935672515  0.03179824561403509  
 0  0.1787280701754386  0.9007675438596491  0.07163742690058479  0.039473684210526314  
 0  0.6907230196703882  0.9642892743221692  0.06811536416799571  0.029904306220095794  
