 0  0.24817251461988304  0.13212719298245615  0.07163742690058479  0.03289473684210526  
 0  0.25146198830409355  0.31414473684210525  0.07236842105263158  0.03070175438596491  
 0  0.4820906432748538  0.13760964912280702  0.06871345029239766  0.02850877192982456  
 0  0.4828216374269006  0.30975877192982454  0.07017543859649122  0.03070175438596491  
 0  0.4152046783625731  0.5899122807017544  0.06944444444444445  0.029605263157894735  
 0  0.631578947368421  0.18914473684210525  0.06652046783625731  0.03070175438596491  
 0  0.70796783625731  0.2774122807017544  0.06725146198830409  0.03399122807017544  
 0  0.7035818713450293  0.45230263157894735  0.07163742690058479  0.02850877192982456  
 0  0.6326754385964912  0.7094298245614035  0.06871345029239766  0.03399122807017544  
 0  0.48135964912280704  0.6798245614035088  0.06725146198830409  0.027412280701754384  
 0  0.6257309941520468  0.8837719298245614  0.06359649122807018  0.03618421052631579  
 0  0.17726608187134502  0.7231359649122807  0.06871345029239766  0.03070175438596491  
 0  0.1787280701754386  0.9018640350877193  0.07163742690058479  0.03728070175438596  
