 0  0.24780701754385964  0.13103070175438597  0.07090643274853801  0.02850877192982456  
 0  0.472953216374269  0.11677631578947369  0.07236842105263158  0.03070175438596491  
 0  0.4024122807017544  0.40405701754385964  0.07309941520467836  0.03070175438596491  
 0  0.25109649122807015  0.31469298245614036  0.07163742690058479  0.03179824561403509  
 0  0.631578947368421  0.18914473684210525  0.06798245614035088  0.03070175438596491  
 0  0.7076023391812866  0.2746710526315789  0.06798245614035088  0.03289473684210526  
 0  0.7035818713450293  0.44901315789473684  0.07163742690058479  0.03508771929824561  
 0  0.6323099415204678  0.7088815789473685  0.06798245614035088  0.03289473684210526  
 0  0.4053362573099415  0.774671052631579  0.06871345029239766  0.03508771929824561  
 0  0.4016812865497076  0.5997807017543859  0.07017543859649122  0.03179824561403509  
 0  0.17105263157894737  0.5855263157894737  0.07383040935672515  0.03399122807017544  
 0  0.2580409356725146  0.6803728070175439  0.07236842105263158  0.03508771929824561  
 0  0.6286549707602339  0.8837719298245614  0.07090643274853801  0.03399122807017544  
