 0  0.24890350877192982  0.13048245614035087  0.07017543859649122  0.027412280701754384  
 0  0.4722222222222222  0.11787280701754387  0.06944444444444445  0.02850877192982456  
 0  0.25255847953216376  0.3130482456140351  0.06871345029239766  0.03070175438596491  
 0  0.402046783625731  0.4057017543859649  0.07383040935672515  0.029605263157894735  
 0  0.17288011695906433  0.587171052631579  0.07309941520467836  0.03728070175438596  
 0  0.2565789473684211  0.6798245614035088  0.07090643274853801  0.03179824561403509  
 0  0.4016812865497076  0.5986842105263158  0.07017543859649122  0.027412280701754384  
 0  0.40423976608187134  0.7735745614035088  0.06798245614035088  0.02850877192982456  
 0  0.7013888888888888  0.10635964912280702  0.07017543859649122  0.027412280701754384  
 0  0.7072368421052632  0.27631578947368424  0.06871345029239766  0.03179824561403509  
 0  0.7017543859649122  0.44627192982456143  0.06652046783625731  0.03179824561403509  
 0  0.7043128654970761  0.6299342105263158  0.06871345029239766  0.03728070175438596  
 0  0.6308479532163743  0.8870614035087719  0.06798245614035088  0.03399122807017544  
