 0  0.1652046783625731  0.21217105263157895  0.07236842105263158  0.03728070175438596  
 0  0.16264619883040934  0.3892543859649123  0.07309941520467836  0.03837719298245614  
 0  0.18019005847953215  0.5701754385964912  0.07017543859649122  0.03399122807017544  
 0  0.39071637426900585  0.20778508771929824  0.07017543859649122  0.03289473684210526  
 0  0.3969298245614035  0.3832236842105263  0.07090643274853801  0.03508771929824561  
 0  0.4057017543859649  0.5953947368421053  0.07236842105263158  0.03399122807017544  
 0  0.40460526315789475  0.7741228070175439  0.07163742690058479  0.03618421052631579  
 0  0.7065058479532164  0.27521929824561403  0.07163742690058479  0.03179824561403509  
 0  0.7017543859649122  0.10581140350877193  0.06944444444444445  0.02850877192982456  
 0  0.7043128654970761  0.4479166666666667  0.07017543859649122  0.03070175438596491  
 0  0.7043128654970761  0.6310307017543859  0.07163742690058479  0.03508771929824561  
 0  0.6319444444444444  0.887609649122807  0.07017543859649122  0.02850877192982456  
 0  0.24853801169590642  0.668859649122807  0.07236842105263158  0.03179824561403509  
