 0  0.16630116959064328  0.21326754385964913  0.07017543859649122  0.03728070175438596  
 0  0.391812865497076  0.20888157894736842  0.07236842105263158  0.03728070175438596  
 0  0.39766081871345027  0.38377192982456143  0.06944444444444445  0.03179824561403509  
 0  0.4071637426900585  0.5948464912280702  0.06944444444444445  0.03070175438596491  
 0  0.17982456140350878  0.5712719298245614  0.06944444444444445  0.03837719298245614  
 0  0.24780701754385964  0.6716008771929824  0.06944444444444445  0.03070175438596491  
 0  0.4053362573099415  0.7741228070175439  0.07163742690058479  0.03399122807017544  
 0  0.7013888888888888  0.10416666666666667  0.07017543859649122  0.029605263157894735  
 0  0.70796783625731  0.2746710526315789  0.07309941520467836  0.02850877192982456  
 0  0.7039473684210527  0.4473684210526316  0.06798245614035088  0.027412280701754384  
 0  0.7039473684210527  0.6293859649122807  0.07090643274853801  0.03618421052631579  
 0  0.6323099415204678  0.8870614035087719  0.06798245614035088  0.03399122807017544  
