 0  0.16447368421052633  0.21052631578947367  0.07236842105263158  0.03399122807017544  
 0  0.39035087719298245  0.20888157894736842  0.07090643274853801  0.03728070175438596  
 0  0.7010233918128655  0.10526315789473684  0.07090643274853801  0.025219298245614034  
 0  0.7083333333333334  0.27521929824561403  0.06944444444444445  0.029605263157894735  
 0  0.7054093567251462  0.4468201754385965  0.07090643274853801  0.03070175438596491  
 0  0.16191520467836257  0.40734649122807015  0.07017543859649122  0.03289473684210526  
 0  0.40131578947368424  0.5625  0.07090643274853801  0.03399122807017544  
 0  0.16301169590643275  0.5953947368421053  0.07236842105263158  0.03399122807017544  
 0  0.23684210526315788  0.7044956140350878  0.07236842105263158  0.03070175438596491  
 0  0.39766081871345027  0.7286184210526315  0.06944444444444445  0.02850877192982456  
 0  0.40350877192982454  0.9002192982456141  0.06798245614035088  0.029605263157894735  
 0  0.7028508771929824  0.6299342105263158  0.06871345029239766  0.03289473684210526  
 0  0.6326754385964912  0.887609649122807  0.07017543859649122  0.03508771929824561  
