 0  0.16666666666666666  0.21217105263157895  0.07090643274853801  0.03508771929824561  
 0  0.4762426900584795  0.12774122807017543  0.07163742690058479  0.03289473684210526  
 0  0.16191520467836257  0.40460526315789475  0.06871345029239766  0.03837719298245614  
 0  0.40131578947368424  0.5625  0.07090643274853801  0.03618421052631579  
 0  0.3991228070175439  0.7275219298245614  0.07090643274853801  0.03070175438596491  
 0  0.16264619883040934  0.5964912280701754  0.07017543859649122  0.03399122807017544  
 0  0.23830409356725146  0.7044956140350878  0.07236842105263158  0.03289473684210526  
 0  0.4031432748538012  0.9018640350877193  0.07163742690058479  0.03508771929824561  
 0  0.6319444444444444  0.18914473684210525  0.07017543859649122  0.03070175438596491  
 0  0.7076023391812866  0.27576754385964913  0.07090643274853801  0.03070175438596491  
 0  0.7043128654970761  0.44627192982456143  0.06725146198830409  0.03179824561403509  
 0  0.702485380116959  0.6277412280701754  0.07236842105263158  0.041666666666666664  
 0  0.6312134502923976  0.887609649122807  0.06871345029239766  0.03289473684210526  
