 0  0.16666666666666666  0.21271929824561403  0.06944444444444445  0.03399122807017544  
 0  0.1615497076023392  0.40789473684210525  0.07090643274853801  0.03618421052631579  
 0  0.16191520467836257  0.5959429824561403  0.07017543859649122  0.039473684210526314  
 0  0.23830409356725146  0.706140350877193  0.07090643274853801  0.03618421052631579  
 0  0.4758771929824561  0.12609649122807018  0.06798245614035088  0.027412280701754384  
 0  0.40021929824561403  0.3985745614035088  0.07017543859649122  0.03289473684210526  
 0  0.3980263157894737  0.5646929824561403  0.07163742690058479  0.03179824561403509  
 0  0.3980263157894737  0.7275219298245614  0.07309941520467836  0.03289473684210526  
 0  0.4027777777777778  0.8980263157894737  0.07090643274853801  0.03618421052631579  
 0  0.6326754385964912  0.8870614035087719  0.07163742690058479  0.03179824561403509  
 0  0.7032163742690059  0.44627192982456143  0.06944444444444445  0.03179824561403509  
 0  0.7068713450292398  0.27631578947368424  0.07090643274853801  0.027412280701754384  
 0  0.6341374269005848  0.19024122807017543  0.07017543859649122  0.03070175438596491  
