 0  0.1652046783625731  0.21162280701754385  0.07236842105263158  0.03399122807017544  
 0  0.16228070175438597  0.4067982456140351  0.07090643274853801  0.03837719298245614  
 0  0.16228070175438597  0.5970394736842105  0.07236842105263158  0.03728070175438596  
 0  0.23757309941520469  0.706140350877193  0.06944444444444445  0.03618421052631579  
 0  0.24269005847953215  0.8695175438596491  0.07675438596491228  0.03837719298245614  
 0  0.47514619883040937  0.12554824561403508  0.07529239766081872  0.03070175438596491  
 0  0.40021929824561403  0.3980263157894737  0.07017543859649122  0.029605263157894735  
 0  0.39985380116959063  0.5652412280701754  0.06798245614035088  0.03070175438596491  
 0  0.3980263157894737  0.7275219298245614  0.07017543859649122  0.03070175438596491  
 0  0.4016812865497076  0.9013157894736842  0.07163742690058479  0.03399122807017544  
 0  0.6319444444444444  0.1913377192982456  0.07017543859649122  0.03070175438596491  
 0  0.7076023391812866  0.2746710526315789  0.07090643274853801  0.03070175438596491  
 0  0.7028508771929824  0.4457236842105263  0.07163742690058479  0.03070175438596491  
 0  0.7050438596491229  0.625  0.06725146198830409  0.029605263157894735  
 0  0.631578947368421  0.8881578947368421  0.06798245614035088  0.029605263157894735  
