 0  0.2408625730994152  0.05263157894736842  0.07309941520467836  0.03179824561403509  
 0  0.16045321637426901  0.3300438596491228  0.07602339181286549  0.03399122807017544  
 0  0.16812865497076024  0.5208333333333334  0.07383040935672515  0.03399122807017544  
 0  0.24707602339181287  0.6140350877192983  0.07090643274853801  0.029605263157894735  
 0  0.24305555555555555  0.7894736842105263  0.07163742690058479  0.03399122807017544  
 0  0.4758771929824561  0.12609649122807018  0.07236842105263158  0.03399122807017544  
 0  0.39985380116959063  0.39747807017543857  0.07090643274853801  0.03070175438596491  
 0  0.3983918128654971  0.5646929824561403  0.07236842105263158  0.03399122807017544  
 0  0.3991228070175439  0.7258771929824561  0.06944444444444445  0.03179824561403509  
 0  0.4024122807017544  0.899671052631579  0.07163742690058479  0.03508771929824561  
 0  0.633406432748538  0.19024122807017543  0.07017543859649122  0.03508771929824561  
 0  0.706140350877193  0.27631578947368424  0.07236842105263158  0.03179824561403509  
 0  0.7043128654970761  0.44627192982456143  0.06871345029239766  0.03179824561403509  
 0  0.7035818713450293  0.625  0.06578947368421052  0.027412280701754384  
 0  0.6319444444444444  0.8887061403508771  0.07163742690058479  0.03289473684210526  
