 0  0.15939733593242364  0.3309779077322937  0.06971518301927658  0.0345191682910981  
 0  0.1678579163959281  0.5233715074723846  0.07039202945635695  0.03553443794671863  
 0  0.24637210309724927  0.6122076023391813  0.07174572233051765  0.03451916829109804  
 0  0.24231102447476716  0.787341617933723  0.07174572233051765  0.03350389863547757  
 0  0.4000162443144899  0.39544753086419754  0.07039202945635695  0.027412280701754322  
 0  0.39900097465886936  0.5649975633528265  0.0697151830192766  0.02944282001299551  
 0  0.39900097465886936  0.7254101689408707  0.06836149014511593  0.029442820012995446  
 0  0.4034004764998917  0.9005441845354126  0.0690383365821962  0.032488628979857104  
 0  0.6325129954515919  0.18985542560103963  0.06836149014511585  0.03451916829109813  
 0  0.706966103530431  0.27513807667316437  0.07106887589343726  0.030458089668615976  
 0  0.7039202945635693  0.44570337881741384  0.06903833658219624  0.03248862897985704  
 0  0.7049355642191899  0.6259137426900584  0.06836149014511593  0.027412280701754384  
 0  0.6314977257959714  0.8873456790123455  0.06903833658219624  0.030458089668615917  
