 0  0.1702268789257093  0.2111760883690708  0.0710688758934373  0.028427550357374917  
 0  0.17767218973359322  0.3969704353476284  0.07106887589343729  0.026397011046133855  
 0  0.24197260125622697  0.48225308641975306  0.06836149014511589  0.026397011046133855  
 0  0.39967782109594974  0.3969704353476284  0.06836149014511589  0.030458089668615976  
 0  0.3993393978774096  0.5655051981806367  0.06903833658219624  0.030458089668615976  
 0  0.25415583712367334  0.6426656920077972  0.06836149014511585  0.022335932423651797  
 0  0.39832412822178903  0.7264254385964912  0.06836149014511589  0.027412280701754384  
 0  0.6325129954515919  0.19036306042884987  0.06971518301927664  0.03147335932423654  
 0  0.7066276803118908  0.2761533463287849  0.07039202945635695  0.030458089668615976  
 0  0.7029050249079488  0.44468810916179335  0.06700779727095522  0.03248862897985704  
 0  0.7035818713450293  0.6259137426900584  0.06700779727095514  0.029442820012995446  
 0  0.6301440329218106  0.8853151397011046  0.06768464370803554  0.02842755035737498  
 0  0.4047541693740524  0.903082358674464  0.07039202945635695  0.025381741390513326  
