 0  0.17251461988304093  0.2149122807017544  0.07090643274853801  0.027412280701754384  
 0  0.24817251461988304  0.2993421052631579  0.06871345029239766  0.023026315789473683  
 0  0.25219298245614036  0.46655701754385964  0.07090643274853801  0.02850877192982456  
 0  0.40350877192982454  0.1962719298245614  0.06798245614035088  0.025219298245614034  
 0  0.3991228070175439  0.39418859649122806  0.06944444444444445  0.03070175438596491  
 0  0.3994883040935672  0.5652412280701754  0.06871345029239766  0.03289473684210526  
 0  0.3983918128654971  0.7275219298245614  0.06798245614035088  0.03289473684210526  
 0  0.4024122807017544  0.9029605263157895  0.06871345029239766  0.03070175438596491  
 0  0.6330409356725146  0.18914473684210525  0.07090643274853801  0.03070175438596491  
 0  0.7072368421052632  0.27631578947368424  0.07163742690058479  0.029605263157894735  
 0  0.7043128654970761  0.4451754385964912  0.07163742690058479  0.03399122807017544  
 0  0.7043128654970761  0.6266447368421053  0.06725146198830409  0.03070175438596491  
 0  0.631578947368421  0.887609649122807  0.06798245614035088  0.03070175438596491  
