 0  0.17068713450292397  0.22039473684210525  0.07017543859649122  0.029605263157894735  
 0  0.17288011695906433  0.40405701754385964  0.07017543859649122  0.03289473684210526  
 0  0.16666666666666666  0.5860745614035088  0.06944444444444445  0.03508771929824561  
 0  0.4027777777777778  0.19901315789473684  0.06798245614035088  0.02850877192982456  
 0  0.40021929824561403  0.3969298245614035  0.06725146198830409  0.027412280701754384  
 0  0.3991228070175439  0.5641447368421053  0.06944444444444445  0.03070175438596491  
 0  0.3980263157894737  0.7269736842105263  0.06725146198830409  0.027412280701754384  
 0  0.40387426900584794  0.9029605263157895  0.06578947368421052  0.02412280701754386  
 0  0.6330409356725146  0.19188596491228072  0.06652046783625731  0.029605263157894735  
 0  0.7065058479532164  0.2774122807017544  0.06725146198830409  0.029605263157894735  
 0  0.7035818713450293  0.4457236842105263  0.07017543859649122  0.03508771929824561  
 0  0.7046783625730995  0.625  0.07090643274853801  0.03399122807017544  
 0  0.6308479532163743  0.8865131578947368  0.07090643274853801  0.03289473684210526  
