 0  0.17105263157894737  0.22149122807017543  0.07090643274853801  0.03399122807017544  
 0  0.17324561403508773  0.40515350877192985  0.07090643274853801  0.03070175438596491  
 0  0.16703216374269006  0.5855263157894737  0.06725146198830409  0.03179824561403509  
 0  0.48464912280701755  0.10581140350877193  0.07236842105263158  0.03070175438596491  
 0  0.4857456140350877  0.28234649122807015  0.07017543859649122  0.02850877192982456  
 0  0.4067982456140351  0.5652412280701754  0.06725146198830409  0.02631578947368421  
 0  0.39766081871345027  0.7297149122807017  0.06944444444444445  0.02850877192982456  
 0  0.4024122807017544  0.9046052631578947  0.06725146198830409  0.027412280701754384  
 0  0.6326754385964912  0.19188596491228072  0.06725146198830409  0.027412280701754384  
 0  0.70796783625731  0.27576754385964913  0.06871345029239766  0.02850877192982456  
 0  0.7032163742690059  0.44627192982456143  0.07090643274853801  0.03399122807017544  
 0  0.7050438596491229  0.6266447368421053  0.07309941520467836  0.02850877192982456  
 0  0.6304824561403509  0.8870614035087719  0.06578947368421052  0.03179824561403509  
