 0  0.17214912280701755  0.21820175438596492  0.07456140350877193  0.03399122807017544  
 0  0.17507309941520469  0.40405701754385964  0.06871345029239766  0.03070175438596491  
 0  0.48501461988304095  0.10471491228070176  0.06725146198830409  0.02850877192982456  
 0  0.4861111111111111  0.28234649122807015  0.06944444444444445  0.02850877192982456  
 0  0.4064327485380117  0.5657894736842105  0.06944444444444445  0.029605263157894735  
 0  0.6345029239766082  0.19024122807017543  0.06798245614035088  0.02850877192982456  
 0  0.7076023391812866  0.27631578947368424  0.07090643274853801  0.025219298245614034  
 0  0.7032163742690059  0.4468201754385965  0.06652046783625731  0.02631578947368421  
 0  0.7043128654970761  0.6266447368421053  0.06578947368421052  0.02412280701754386  
 0  0.40460526315789475  0.7286184210526315  0.06725146198830409  0.02412280701754386  
 0  0.47149122807017546  0.7949561403508771  0.07090643274853801  0.027412280701754384  
 0  0.6933479532163743  0.7982456140350878  0.07017543859649122  0.03618421052631579  
 0  0.16739766081871346  0.5860745614035088  0.06944444444444445  0.03289473684210526  
