 0  0.17141812865497075  0.21984649122807018  0.07017543859649122  0.03070175438596491  
 0  0.48464912280701755  0.10635964912280702  0.07090643274853801  0.029605263157894735  
 0  0.7105263157894737  0.10361842105263158  0.06944444444444445  0.03289473684210526  
 0  0.7101608187134503  0.2845394736842105  0.06725146198830409  0.03070175438596491  
 0  0.4016812865497076  0.3782894736842105  0.07017543859649122  0.029605263157894735  
 0  0.17324561403508773  0.40844298245614036  0.07090643274853801  0.03508771929824561  
 0  0.16703216374269006  0.5844298245614035  0.07163742690058479  0.029605263157894735  
 0  0.4057017543859649  0.5679824561403509  0.06652046783625731  0.027412280701754384  
 0  0.40387426900584794  0.7269736842105263  0.07163742690058479  0.029605263157894735  
 0  0.7035818713450293  0.44627192982456143  0.06871345029239766  0.03399122807017544  
 0  0.7046783625730995  0.6266447368421053  0.06652046783625731  0.02850877192982456  
 0  0.6933479532163743  0.7993421052631579  0.06871345029239766  0.03179824561403509  
 0  0.47039473684210525  0.7976973684210527  0.06871345029239766  0.02412280701754386  
