 0  0.17105263157894737  0.22039473684210525  0.07090643274853801  0.03179824561403509  
 0  0.24853801169590642  0.3119517543859649  0.06944444444444445  0.03289473684210526  
 0  0.23793859649122806  0.49451754385964913  0.07017543859649122  0.029605263157894735  
 0  0.1652046783625731  0.7785087719298246  0.06944444444444445  0.03399122807017544  
 0  0.40423976608187134  0.7302631578947368  0.07236842105263158  0.029605263157894735  
 0  0.4718567251461988  0.7966008771929824  0.06871345029239766  0.02850877192982456  
 0  0.40095029239766083  0.3793859649122807  0.07017543859649122  0.029605263157894735  
 0  0.48428362573099415  0.1074561403508772  0.07309941520467836  0.027412280701754384  
 0  0.7112573099415205  0.10307017543859649  0.07090643274853801  0.03399122807017544  
 0  0.7105263157894737  0.28618421052631576  0.06798245614035088  0.03179824561403509  
 0  0.7043128654970761  0.4473684210526316  0.07017543859649122  0.029605263157894735  
 0  0.7043128654970761  0.6271929824561403  0.06871345029239766  0.029605263157894735  
 0  0.6944444444444444  0.8004385964912281  0.06652046783625731  0.029605263157894735  
