 0  0.08114035087719298  0.2149122807017544  0.07821637426900585  0.04057017543859649  
 0  0.4861111111111111  0.1074561403508772  0.07090643274853801  0.029605263157894735  
 0  0.402046783625731  0.37664473684210525  0.06944444444444445  0.02631578947368421  
 0  0.4053362573099415  0.7258771929824561  0.07163742690058479  0.03179824561403509  
 0  0.47039473684210525  0.7955043859649122  0.07163742690058479  0.03070175438596491  
 0  0.7112573099415205  0.1025219298245614  0.06798245614035088  0.03070175438596491  
 0  0.7097953216374269  0.2856359649122807  0.06944444444444445  0.03289473684210526  
 0  0.7035818713450293  0.4457236842105263  0.07017543859649122  0.03289473684210526  
 0  0.7039473684210527  0.6266447368421053  0.06944444444444445  0.02631578947368421  
 0  0.6918859649122807  0.7982456140350878  0.07163742690058479  0.03618421052631579  
