 0  0.48026315789473684  0.09375  0.06944444444444445  0.03070175438596491  
 0  0.402046783625731  0.3645833333333333  0.06798245614035088  0.03289473684210526  
 0  0.4766081871345029  0.46326754385964913  0.06944444444444445  0.03070175438596491  
 0  0.40387426900584794  0.7214912280701754  0.07017543859649122  0.03179824561403509  
 0  0.4733187134502924  0.7971491228070176  0.06725146198830409  0.027412280701754384  
 0  0.7108918128654971  0.10416666666666667  0.07017543859649122  0.03179824561403509  
 0  0.7108918128654971  0.2856359649122807  0.07017543859649122  0.03289473684210526  
 0  0.7032163742690059  0.4473684210526316  0.07090643274853801  0.029605263157894735  
 0  0.7057748538011696  0.6266447368421053  0.06871345029239766  0.03070175438596491  
 0  0.694078947368421  0.7987938596491229  0.06725146198830409  0.03508771929824561  
