 0  0.47404970760233917  0.11019736842105263  0.06871345029239766  0.02850877192982456  
 0  0.7108918128654971  0.10142543859649122  0.07017543859649122  0.03070175438596491  
 0  0.4692982456140351  0.2845394736842105  0.06798245614035088  0.02850877192982456  
 0  0.7108918128654971  0.28673245614035087  0.06725146198830409  0.03289473684210526  
 0  0.7046783625730995  0.4468201754385965  0.07236842105263158  0.02850877192982456  
 0  0.4766081871345029  0.46326754385964913  0.06944444444444445  0.02850877192982456  
 0  0.4758771929824561  0.6321271929824561  0.06798245614035088  0.02850877192982456  
 0  0.47368421052631576  0.7949561403508771  0.07236842105263158  0.029605263157894735  
 0  0.7039473684210527  0.6277412280701754  0.06798245614035088  0.02850877192982456  
 0  0.6929824561403509  0.7976973684210527  0.06652046783625731  0.03070175438596491  
