 0  0.39071637426900585  0.17214912280701755  0.07163742690058479  0.03179824561403509  
 0  0.3877923976608187  0.3475877192982456  0.07309941520467836  0.03179824561403509  
 0  0.39437134502923976  0.5296052631578947  0.06725146198830409  0.029605263157894735  
 0  0.4762426900584795  0.6348684210526315  0.07163742690058479  0.03399122807017544  
 0  0.47368421052631576  0.8009868421052632  0.06944444444444445  0.03070175438596491  
 0  0.7101608187134503  0.10142543859649122  0.07017543859649122  0.03070175438596491  
 0  0.7097953216374269  0.2856359649122807  0.06944444444444445  0.03508771929824561  
 0  0.7032163742690059  0.4468201754385965  0.06798245614035088  0.02850877192982456  
 0  0.7043128654970761  0.625  0.06578947368421052  0.025219298245614034  
 0  0.6926169590643275  0.7982456140350878  0.07017543859649122  0.03618421052631579  
