 0  0.39035087719298245  0.17269736842105263  0.06944444444444445  0.03508771929824561  
 0  0.29239766081871343  0.3651315789473684  0.06944444444444445  0.03618421052631579  
 0  0.29203216374269003  0.5350877192982456  0.07017543859649122  0.029605263157894735  
 0  0.4780701754385965  0.6326754385964912  0.06798245614035088  0.027412280701754384  
 0  0.4725877192982456  0.7987938596491229  0.07017543859649122  0.02850877192982456  
 0  0.7101608187134503  0.1025219298245614  0.07163742690058479  0.03289473684210526  
 0  0.7101608187134503  0.28344298245614036  0.07163742690058479  0.03508771929824561  
 0  0.7028508771929824  0.44627192982456143  0.07163742690058479  0.03179824561403509  
 0  0.7050438596491229  0.625  0.06578947368421052  0.029605263157894735  
 0  0.6933479532163743  0.7987938596491229  0.06871345029239766  0.02850877192982456  
