 0  0.39108187134502925  0.1737938596491228  0.06944444444444445  0.03070175438596491  
 0  0.7108918128654971  0.10307017543859649  0.07017543859649122  0.03179824561403509  
 0  0.8172514619883041  0.30701754385964913  0.07090643274853801  0.03399122807017544  
 0  0.3706140350877193  0.2730263157894737  0.06944444444444445  0.03179824561403509  
 0  0.29203216374269003  0.5383771929824561  0.06871345029239766  0.03399122807017544  
 0  0.4791666666666667  0.6326754385964912  0.07017543859649122  0.03179824561403509  
 0  0.4718567251461988  0.7993421052631579  0.07163742690058479  0.025219298245614034  
 0  0.6933479532163743  0.7987938596491229  0.07163742690058479  0.03289473684210526  
 0  0.7105263157894737  0.631578947368421  0.07236842105263158  0.029605263157894735  
 0  0.8062865497076024  0.4830043859649123  0.06944444444444445  0.02850877192982456  
