 0  0.39071637426900585  0.17324561403508773  0.06871345029239766  0.03179824561403509  
 0  0.3706140350877193  0.2730263157894737  0.06798245614035088  0.03179824561403509  
 0  0.29203216374269003  0.537828947368421  0.07602339181286549  0.03508771929824561  
 0  0.5153508771929824  0.5444078947368421  0.07090643274853801  0.03289473684210526  
 0  0.7108918128654971  0.10307017543859649  0.06725146198830409  0.03179824561403509  
 0  0.8168859649122807  0.30756578947368424  0.07017543859649122  0.03289473684210526  
 0  0.7090643274853801  0.6458333333333334  0.06798245614035088  0.029605263157894735  
 0  0.4784356725146199  0.6326754385964912  0.07017543859649122  0.027412280701754384  
 0  0.4718567251461988  0.7976973684210527  0.06871345029239766  0.02412280701754386  
 0  0.6944444444444444  0.8048245614035088  0.06798245614035088  0.027412280701754384  
