 0  0.391812865497076  0.17214912280701755  0.06944444444444445  0.03399122807017544  
 0  0.37207602339181284  0.2719298245614035  0.06944444444444445  0.029605263157894735  
 0  0.29349415204678364  0.5383771929824561  0.07017543859649122  0.03399122807017544  
 0  0.4784356725146199  0.6343201754385965  0.07017543859649122  0.03070175438596491  
 0  0.4725877192982456  0.7976973684210527  0.06871345029239766  0.03070175438596491  
 0  0.7160087719298246  0.14528508771929824  0.06871345029239766  0.02850877192982456  
 0  0.7255116959064327  0.32401315789473684  0.07163742690058479  0.03070175438596491  
 0  0.6546052631578947  0.5800438596491229  0.07017543859649122  0.03179824561403509  
 0  0.7101608187134503  0.6507675438596491  0.07017543859649122  0.03289473684210526  
 0  0.6922514619883041  0.8064692982456141  0.06798245614035088  0.02850877192982456  
