 0  0.38998538011695905  0.17160087719298245  0.06871345029239766  0.03289473684210526  
 0  0.3717105263157895  0.2719298245614035  0.07163742690058479  0.03179824561403509  
 0  0.29385964912280704  0.5372807017543859  0.07090643274853801  0.03399122807017544  
 0  0.2503654970760234  0.625  0.07163742690058479  0.03399122807017544  
 0  0.25255847953216376  0.7883771929824561  0.06871345029239766  0.029605263157894735  
 0  0.4780701754385965  0.6326754385964912  0.07236842105263158  0.03837719298245614  
 0  0.4718567251461988  0.7993421052631579  0.07163742690058479  0.029605263157894735  
 0  0.6937134502923976  0.8092105263157895  0.06652046783625731  0.03399122807017544  
 0  0.7094298245614035  0.649671052631579  0.07309941520467836  0.03070175438596491  
 0  0.6557017543859649  0.5778508771929824  0.06652046783625731  0.029605263157894735  
 0  0.7247807017543859  0.3218201754385965  0.07456140350877193  0.03289473684210526  
 0  0.7160087719298246  0.1474780701754386  0.07309941520467836  0.02850877192982456  
