 0  0.39071637426900585  0.17269736842105263  0.07017543859649122  0.03070175438596491  
 0  0.3702485380116959  0.27247807017543857  0.07017543859649122  0.02850877192982456  
 0  0.29203216374269003  0.5372807017543859  0.07309941520467836  0.03618421052631579  
 0  0.16557017543859648  0.6957236842105263  0.07456140350877193  0.043859649122807015  
 0  0.16922514619883042  0.8865131578947368  0.07017543859649122  0.03070175438596491  
 0  0.7156432748538012  0.14364035087719298  0.06944444444444445  0.027412280701754384  
 0  0.7255116959064327  0.3190789473684211  0.06871345029239766  0.03179824561403509  
 0  0.6546052631578947  0.5778508771929824  0.06725146198830409  0.027412280701754384  
 0  0.7090643274853801  0.6480263157894737  0.07090643274853801  0.03179824561403509  
 0  0.6948099415204678  0.8075657894736842  0.07017543859649122  0.03289473684210526  
 0  0.4766081871345029  0.6337719298245614  0.06944444444444445  0.029605263157894735  
 0  0.47039473684210525  0.7966008771929824  0.07017543859649122  0.02850877192982456  
