 0  0.25263607865488735  0.6265356265356264  0.12824166429182093  0.038457429761777615  
 0  0.4542604730692504  0.38671082149343017  0.11256768310059836  0.03525264394829612  
 0  0.43787403818751774  0.2280739237260976  0.11114277571957817  0.03418438201046897  
 0  0.24836135651182667  0.13086208738382651  0.11399259048161864  0.02991133425916036  
 0  0.25263607865488735  0.8188227753445144  0.12539184952978055  0.038457429761777615  
 0  0.5782274152180108  0.1094968486272834  0.12111712738671983  0.027774810383506023  
 0  0.5939013964092333  0.26973613930135665  0.12111712738671983  0.032047858134814665  
 0  0.6067255628384155  0.43798739450913365  0.12396694214876038  0.03738916782395043  
 0  0.6223995440296379  0.6110458284371327  0.1296665716728413  0.03738916782395043  
 0  0.6273867198632088  0.8092084179040699  0.13394129381590186  0.040593953637431984  
