 0  0.20205186662866903  0.6110458284371327  0.14391564548304359  0.04166221557525897  
 0  0.628811627244229  0.6008973400277747  0.14534055286406386  0.04273047751308622  
 0  0.19065260758050726  0.8316419185984403  0.1496152750071246  0.04059395363743185  
 0  0.6273867198632088  0.8316419185984404  0.15388999715018517  0.04486700138874046  
 0  0.622399544029638  0.3968593099027881  0.13536620119692222  0.03418438201046901  
 0  0.6110002849814761  0.19869672043585085  0.14106583072100312  0.03525264394829612  
 0  0.433599316044457  0.1431470996688388  0.13964092333998296  0.030979596196987515  
 0  0.20632658877172982  0.027774810383506033  0.1296665716728413  0.03525264394829612  
 0  0.4407238529495582  0.3370366413844674  0.1367911085779424  0.03632090588612331  
 0  0.6010259333143344  0.013887405191753016  0.13821601595896277  0.02457002457002457  
