 0  0.44998575092618964  0.3669479756436278  0.1296665716728413  0.04059395363743185  
 0  0.43929894556853794  0.18854823202649287  0.1282416642918211  0.029911334259160326  
 0  0.592476489028213  0.06249332336288857  0.12396694214876038  0.03204785813481466  
 0  0.22627529210601305  0.0806537763059502  0.12681675691080074  0.03204785813481466  
 0  0.6124251923624963  0.237688281166542  0.13251638643488167  0.03204785813481463  
 0  0.6181248218865772  0.4251682512552077  0.13821601595896257  0.033116120072641815  
 0  0.6259618124821886  0.6163871381262686  0.1424907381020233  0.03952569169960486  
 0  0.22057566258193212  0.62706975750454  0.13536620119692222  0.03738916782395049  
 0  0.21487603305785116  0.8375173592564897  0.14106583072100304  0.03738916782395049  
 0  0.628811627244229  0.8337784424740946  0.14819036762610424  0.04273047751308622  
