 0  0.2255628384155029  0.10148488409357972  0.11969222000569955  0.030979596196987497  
 0  0.5817896836705614  0.0833244311505181  0.12539184952978055  0.030979596196987497  
 0  0.598176118552294  0.25424634120286294  0.12681675691080074  0.03952569169960473  
 0  0.4328868623539469  0.20510629206281378  0.12681675691080094  0.030979596196987515  
 0  0.4428612140210886  0.3808353808353808  0.1239669421487602  0.03418438201046901  
 0  0.6110002849814761  0.4342484777267385  0.1239669421487602  0.038457429761777615  
 0  0.623111997720148  0.6227967097532315  0.1424907381020233  0.03952569169960473  
 0  0.22770019948703332  0.6361499839760708  0.14106583072100312  0.03632090588612324  
 0  0.22342547734397258  0.8401880141010576  0.14106583072100312  0.038457429761777476  
 0  0.6238244514106582  0.833244311505181  0.14961527500712443  0.03952569169960473  
