 0  0.2362496437731547  0.12765730157034505  0.12396694214876038  0.038457429761777594  
 0  0.6152750071245369  0.10629206281380192  0.1439156454830435  0.03204785813481465  
 0  0.45354801937874023  0.2408930669800235  0.1367911085779424  0.03632090588612327  
 0  0.6302365346252492  0.28896485418224543  0.1367911085779424  0.03845742976177758  
 0  0.46637218580792245  0.4246341202862942  0.1367911085779424  0.03632090588612331  
 0  0.6387859789113706  0.48499091977352843  0.13964092333998296  0.03952569169960473  
 0  0.23055001424907373  0.6986433073389595  0.13821601595896268  0.03952569169960473  
 0  0.6508976916500426  0.6900972118363422  0.14676546024508405  0.03738916782395049  
 0  0.22057566258193212  0.920307659438094  0.14676546024508405  0.04273047751308622  
 0  0.6537475064120831  0.9187052665313534  0.14676546024508405  0.045935263326567576  
