 0  0.2554858934169278  0.1591710287362461  0.11684240524365927  0.04166221557525904  
 0  0.6231119977201481  0.13940818288644374  0.12824166429182093  0.03204785813481465  
 0  0.46494727842690214  0.26866787736352954  0.13109147905386148  0.03418438201046897  
 0  0.6337988030777998  0.31887618844140586  0.13251638643488167  0.029911334259160326  
 0  0.4742091764035337  0.447601751949578  0.1296665716728413  0.03738916782395049  
 0  0.6451980621259618  0.5079585514368122  0.13536620119692222  0.038457429761777615  
 0  0.24266172698774574  0.7141331054374533  0.1424907381020234  0.040593953637431984  
 0  0.6565973211741235  0.7039846170280952  0.14391564548304367  0.04379873945091334  
 0  0.6594471359361641  0.9267172310650571  0.14676546024508405  0.04700352526439483  
 0  0.23767455115417488  0.93312680269202  0.14676546024508405  0.04059395363743185  
