 0  0.2540609860359076  0.1666488623010362  0.12539184952978047  0.030979596196987515  
 0  0.6145625534340267  0.14848840935797455  0.12824166429182093  0.03525264394829611  
 0  0.6295240809347391  0.32314923619271446  0.12681675691080074  0.03418438201046894  
 0  0.4613850099743516  0.2750774489904924  0.13251638643488184  0.029911334259160326  
 0  0.4706469079509831  0.45134066873197304  0.1282416642918211  0.03632090588612324  
 0  0.640923339982901  0.5090268133746394  0.13821601595896257  0.038457429761777615  
 0  0.24337418067825578  0.7168037602820212  0.13821601595896257  0.03952569169960473  
 0  0.653035052721573  0.7061211409037496  0.1424907381020233  0.04379873945091334  
 0  0.6580222285551438  0.9277854930028843  0.1439156454830435  0.04486700138874059  
 0  0.23553719008264454  0.93312680269202  0.13964092333998285  0.04059395363743185  
