 0  0.2497862638928469  0.17466082683473988  0.11969222000569965  0.03632090588612327  
 0  0.6045882017668851  0.15863689776733256  0.13109147905386148  0.03418438201046897  
 0  0.45283556568823013  0.28255528255528256  0.12681675691080074  0.03632090588612327  
 0  0.6202621829581076  0.32849054588185017  0.13109147905386148  0.03632090588612331  
 0  0.46280991735537186  0.45775024035893597  0.1296665716728413  0.03418438201046901  
 0  0.6330863493872897  0.5149022540326887  0.1282416642918211  0.03525264394829612  
 0  0.6437731547449415  0.7077235338104904  0.14106583072100312  0.038457429761777615  
 0  0.23981191222570525  0.7178720222198482  0.13394129381590186  0.0416622155752591  
 0  0.6451980621259618  0.9272513620339706  0.14391564548304367  0.0416622155752591  
 0  0.23126246793958383  0.9320585407541927  0.13964092333998285  0.04273047751308622  
