 0  0.23482473639213447  0.18534344621301138  0.11826731262467938  0.032047858134814665  
 0  0.5817896836705613  0.16397820745646832  0.11969222000569965  0.03418438201046894  
 0  0.4343117697349671  0.28469180643093683  0.11826731262467946  0.03418438201046897  
 0  0.5988885722428041  0.33490011750881316  0.12824166429182093  0.0320478581348147  
 0  0.445711028783129  0.45561371648328164  0.12396694214876038  0.03204785813481463  
 0  0.6131376460530065  0.509560944343553  0.12824166429182093  0.03525264394829612  
 0  0.2362496437731547  0.7087917957483174  0.13536620119692222  0.03418438201046887  
 0  0.6245369051011684  0.6949043905565644  0.13109147905386148  0.04273047751308622  
 0  0.23055001424907373  0.9144322187800447  0.14106583072100304  0.03952569169960473  
 0  0.628811627244229  0.9069543852152547  0.13964092333998276  0.0416622155752591  
