 0  0.26617269877457955  0.17572908877256702  0.10686805357651763  0.03204785813481463  
 0  0.5896266742661725  0.15810276679841895  0.11541749786263891  0.030979596196987497  
 0  0.45141065830720994  0.271872663177011  0.11826731262467928  0.027774810383506023  
 0  0.6010259333143344  0.31567140262792437  0.11826731262467946  0.03418438201046894  
 0  0.4592476489028212  0.4299754299754299  0.11969222000569965  0.027774810383506023  
 0  0.6124251923624964  0.4828543958978741  0.12396694214876038  0.026706548445678904  
 0  0.25976061555998853  0.6617882704839226  0.11969222000569965  0.03204785813481463  
 0  0.6188372755770873  0.6537763059502189  0.12539184952978055  0.03311612007264175  
 0  0.2554858934169278  0.8487341096036748  0.12254203476774002  0.040593953637431984  
 0  0.6188372755770873  0.8439269308834526  0.13109147905386165  0.03738916782395036  
