 0  0.28683385579937304  0.2045721610939002  0.10544314619549726  0.032047858134814665  
 0  0.5967512111712737  0.19068475590214717  0.109717868338558  0.029911334259160326  
 0  0.46565973211741224  0.3001816045294306  0.11256768310059836  0.02457002457002457  
 0  0.6081504702194357  0.34237795107360325  0.10686805357651745  0.0320478581348147  
 0  0.4706469079509831  0.4502724067941459  0.11114277571957817  0.0320478581348147  
 0  0.6174123681960672  0.49994658690310856  0.11399259048161872  0.028843072321333207  
 0  0.27685950413223137  0.6746074137378484  0.1168424052436591  0.03204785813481463  
 0  0.6266742661726987  0.6655271872663175  0.1296665716728413  0.03311612007264175  
 0  0.27757195782274147  0.8540754192928105  0.12681675691080074  0.03418438201046887  
 0  0.6245369051011683  0.8514047644482426  0.12824166429182093  0.03525264394829612  
