 0  0.27828441151325156  0.1949578036534558  0.10829296095753763  0.02991133425916036  
 0  0.5988885722428041  0.17946800555496206  0.11399259048161872  0.030979596196987515  
 0  0.46423482473639194  0.29163550902681334  0.11541749786263891  0.033116120072641815  
 0  0.6131376460530065  0.33490011750881316  0.11399259048161872  0.0320478581348147  
 0  0.4749216300940438  0.44813588291849155  0.11399259048161856  0.027774810383506023  
 0  0.6231119977201481  0.49887832496528145  0.1168424052436591  0.02884307232133314  
 0  0.6316614420062695  0.6681978421108856  0.11969222000569965  0.03204785813481463  
 0  0.2761470504417212  0.681551116333725  0.12111712738671983  0.03311612007264175  
 0  0.6330863493872897  0.8588825980130326  0.1282416642918211  0.03738916782395049  
 0  0.2740096893701908  0.8658263006089092  0.12539184952978055  0.03418438201046887  
