 0  0.25192362496437726  0.19869672043585085  0.11541749786263891  0.026706548445678872  
 0  0.579652322599031  0.18267279136844353  0.11256768310059836  0.028843072321333207  
 0  0.44214876033057837  0.2964426877470355  0.1168424052436591  0.03418438201046897  
 0  0.5967512111712738  0.34130968913577603  0.11256768310059855  0.029911334259160326  
 0  0.4549729267597605  0.45775024035893597  0.11969222000569965  0.03418438201046901  
 0  0.6074380165289256  0.5090268133746394  0.1225420347677402  0.03204785813481463  
 0  0.2526360786548874  0.6959726524943916  0.1225420347677401  0.03632090588612324  
 0  0.6195497292675974  0.6842217711782929  0.12396694214876038  0.03204785813481463  
 0  0.2455115417497862  0.8936011109924152  0.12824166429182102  0.03418438201046887  
 0  0.6245369051011684  0.885055015489798  0.13109147905386148  0.038457429761777615  
