 0  0.2561983471074379  0.1687853861766905  0.11256768310059836  0.028843072321333207  
 0  0.5846394984326018  0.15329558807819677  0.1082929609575378  0.027774810383506023  
 0  0.4449985750926189  0.2675996154257023  0.1168424052436591  0.02991133425916036  
 0  0.5960387574807636  0.3130007477833565  0.11969222000569965  0.030979596196987445  
 0  0.6031632943858648  0.48125200299113335  0.1225420347677402  0.03204785813481463  
 0  0.4535480193787403  0.43050956094434356  0.11684240524365927  0.033116120072641815  
 0  0.25121117127386716  0.663924794359577  0.12539184952978055  0.03418438201046901  
 0  0.6124251923624963  0.6521739130434783  0.12111712738671983  0.03632090588612324  
 0  0.615987460815047  0.8439269308834526  0.1282416642918211  0.03525264394829612  
 0  0.24907381020233677  0.8530071573549832  0.13251638643488176  0.03418438201046901  
