 0  0.24693644913080642  0.14848840935797455  0.11399259048161872  0.03525264394829611  
 0  0.5803647762895411  0.13086208738382651  0.12254203476774002  0.03418438201046897  
 0  0.43787403818751774  0.25104155538938144  0.11399259048161856  0.033116120072641815  
 0  0.5946138500997434  0.2969768187159491  0.11684240524365927  0.04166221557525907  
 0  0.4471359361641492  0.41501976284584974  0.12396694214876038  0.0320478581348147  
 0  0.6045882017668851  0.4678987287682939  0.11969222000569965  0.03738916782395043  
 0  0.24194927329723565  0.6527080440123918  0.13251638643488176  0.04379873945091334  
 0  0.610287831290966  0.6414912936652065  0.13394129381590186  0.04273047751308622  
 0  0.6117127386719863  0.8380514902254033  0.1367911085779424  0.04273047751308609  
 0  0.23482473639213447  0.8439269308834526  0.1296665716728412  0.03738916782395036  
