 0  0.22128811627244224  0.14154470676209804  0.11969222000569973  0.029911334259160326  
 0  0.5732402393844399  0.12231599188120927  0.12539184952978055  0.03204785813481465  
 0  0.42433741806782554  0.24570024570024568  0.12396694214876038  0.03525264394829612  
 0  0.5882017668851524  0.2921696399957269  0.12681675691080074  0.032047858134814665  
 0  0.43573667711598735  0.41769041769041765  0.12396694214876038  0.030979596196987515  
 0  0.598176118552294  0.4711035145817754  0.12396694214876038  0.03738916782395043  
 0  0.21487603305785116  0.6692661040487127  0.1296665716728412  0.03632090588612338  
 0  0.6053006554573951  0.6564469607947868  0.13536620119692222  0.04059395363743185  
 0  0.6081504702194357  0.8663604315778228  0.13536620119692222  0.048071787202221945  
 0  0.20703904246223986  0.87490652708044  0.13394129381590195  0.03738916782395036  
