 0  0.21701339412938153  0.15062493323362885  0.1225420347677401  0.0331161200726418  
 0  0.5732402393844399  0.13086208738382651  0.12254203476774002  0.03418438201046897  
 0  0.421487603305785  0.2553146031406901  0.12681675691080074  0.033116120072641815  
 0  0.5846394984326017  0.30338639034291204  0.12539184952978055  0.033116120072641815  
 0  0.4300370475919065  0.4283730370686892  0.12681675691080074  0.03738916782395043  
 0  0.598176118552294  0.48445678880461485  0.12681675691080074  0.038457429761777615  
 0  0.6053006554573952  0.675141544706762  0.13821601595896277  0.03952569169960473  
 0  0.20632658877172977  0.6874265569917744  0.13251638643488176  0.02991133425916026  
 0  0.2006269592476488  0.8957376348680697  0.13821601595896257  0.038457429761777615  
 0  0.6074380165289256  0.8903963251789337  0.1367911085779424  0.038457429761777615  
