 0  0.2084639498432601  0.12925969447708577  0.11969222000569965  0.03097959619698748  
 0  0.5725277856939298  0.11483815831641918  0.1296665716728413  0.032047858134814665  
 0  0.41578797378170407  0.24142719794893705  0.12681675691080074  0.028843072321333207  
 0  0.5846394984326018  0.2916355090268133  0.1282416642918211  0.03097959619698748  
 0  0.5946138500997433  0.4775130862087384  0.12539184952978055  0.03738916782395043  
 0  0.42504987175833564  0.4203610725349856  0.12824166429182093  0.029911334259160326  
 0  0.19492732972356794  0.6820852473026385  0.13251638643488176  0.038457429761777615  
 0  0.6024508406953547  0.6703343659865398  0.13821601595896257  0.038457429761777615  
 0  0.18566543174693634  0.895203503899156  0.1367911085779424  0.03952569169960486  
 0  0.6003134796238243  0.8893280632411067  0.1453405528640637  0.03632090588612338  
