 0  0.21273867198632082  0.13299861125948081  0.11969222000569965  0.02991133425916036  
 0  0.5760900541464804  0.11590642025424633  0.12539184952978055  0.029911334259160344  
 0  0.42362496437731534  0.24142719794893705  0.12254203476774002  0.030979596196987515  
 0  0.5903391279566828  0.2921696399957269  0.12539184952978055  0.03418438201046901  
 0  0.4328868623539469  0.419826941566072  0.1296665716728413  0.03738916782395043  
 0  0.6010259333143344  0.47697895523982475  0.1296665716728413  0.03418438201046901  
 0  0.20347677400968928  0.6783463305202435  0.13251638643488167  0.03738916782395036  
 0  0.6095753776004559  0.6681978421108854  0.13821601595896257  0.04486700138874046  
 0  0.19563978341407803  0.8898621942100202  0.1424907381020234  0.03525264394829612  
 0  0.6081504702194357  0.888793932272193  0.14676546024508405  0.04166221557525897  
