 0  0.21273867198632082  0.13299861125948081  0.1282416642918211  0.02991133425916036  
 0  0.57395269307495  0.11590642025424633  0.1239669421487602  0.03418438201046897  
 0  0.415075520091194  0.23929067407328275  0.12824166429182093  0.03525264394829612  
 0  0.5853519521231119  0.2905672470889862  0.12681675691080094  0.03525264394829612  
 0  0.4264747791393559  0.4171562867215041  0.1282416642918211  0.038457429761777545  
 0  0.5960387574807636  0.47324003845742973  0.13394129381590186  0.03525264394829612  
 0  0.19848959817611853  0.6788804614891571  0.13394129381590203  0.038457429761777476  
 0  0.6038757480763749  0.6665954492041448  0.13536620119692222  0.04379873945091334  
 0  0.1906526075805072  0.8898621942100202  0.14391564548304359  0.03738916782395049  
 0  0.6031632943858648  0.8829184916141437  0.14534055286406386  0.040593953637431984  
