 0  0.21630094043887144  0.14955667129580172  0.12111712738671992  0.0331161200726418  
 0  0.5760900541464804  0.1313962183527401  0.12539184952978055  0.03525264394829612  
 0  0.4200626959247648  0.2553146031406901  0.13251638643488184  0.030979596196987515  
 0  0.5903391279566828  0.3049887832496528  0.12539184952978055  0.03845742976177758  
 0  0.4307495012824166  0.43157782288217067  0.13109147905386148  0.03525264394829612  
 0  0.5988885722428041  0.4887298365559235  0.12824166429182093  0.03632090588612324  
 0  0.20561413508121965  0.6938361286187373  0.1367911085779424  0.03418438201046901  
 0  0.6081504702194357  0.6799487234269843  0.13821601595896257  0.038457429761777615  
 0  0.6124251923624964  0.8962717658369831  0.14676546024508405  0.03525264394829612  
 0  0.19706469079509822  0.9053519923085139  0.13394129381590195  0.03418438201046887  
