 0  0.20561413508121965  0.12658903963251789  0.12539184952978055  0.027774810383506023  
 0  0.5746651467654601  0.10842858668945624  0.1282416642918211  0.029911334259160344  
 0  0.41578797378170407  0.23715415019762845  0.12681675691080074  0.03097959619698748  
 0  0.5889142205756626  0.2873624612755047  0.13109147905386148  0.039525691699604695  
 0  0.4278996865203761  0.41929281059715834  0.1282416642918211  0.03418438201046894  
 0  0.5988885722428041  0.4764448242709111  0.13394129381590203  0.03738916782395043  
 0  0.6053006554573952  0.6746074137378484  0.13821601595896277  0.038457429761777615  
 0  0.19421487603305781  0.68529003311612  0.1367911085779424  0.03418438201046887  
 0  0.18139070960387566  0.9010789445572054  0.13394129381590195  0.03632090588612338  
 0  0.6024508406953547  0.8978741587437239  0.14676546024508405  0.04059395363743185  
