 0  0.2120262182958107  0.11697468219207348  0.12396694214876029  0.03204785813481465  
 0  0.586064405813622  0.10041662215575257  0.13109147905386148  0.030979596196987497  
 0  0.42647477913935583  0.2291421856639248  0.12539184952978055  0.03418438201046897  
 0  0.5988885722428041  0.27935049674180107  0.13394129381590203  0.03845742976177758  
 0  0.6088629239099458  0.4721717765196025  0.13109147905386148  0.03525264394829605  
 0  0.43716158449700754  0.41341736993910905  0.12681675691080074  0.03525264394829612  
 0  0.20133941293815896  0.6799487234269843  0.13394129381590195  0.038457429761777615  
 0  0.6188372755770873  0.667663711141972  0.13964092333998276  0.045935263326567576  
 0  0.19492732972356794  0.8941352419613288  0.14106583072100323  0.03952569169960473  
 0  0.6174123681960672  0.8930669800235017  0.14819036762610424  0.04166221557525897  
