 0  0.21487603305785116  0.10736032475162907  0.12111712738671974  0.029911334259160344  
 0  0.592476489028213  0.08866574083965387  0.12966657167284112  0.030979596196987497  
 0  0.6053006554573952  0.2734750560837517  0.1296665716728413  0.03738916782395043  
 0  0.4314619549729267  0.22219848306804826  0.13251638643488167  0.028843072321333176  
 0  0.43858649187802784  0.4070077983121462  0.1296665716728413  0.033116120072641815  
 0  0.6131376460530065  0.4668304668304668  0.1367911085779424  0.033116120072641815  
 0  0.20205186662866903  0.674073282768935  0.13536620119692214  0.03525264394829612  
 0  0.6181248218865772  0.6681978421108854  0.14391564548304367  0.03418438201046901  
 0  0.19563978341407798  0.8914645871167609  0.1367911085779424  0.038457429761777476  
 0  0.6202621829581075  0.8909304561478474  0.14819036762610424  0.0416622155752591  
