 0  0.21273867198632082  0.11003097959619698  0.1282416642918211  0.033116120072641815  
 0  0.5903391279566828  0.09347291955987606  0.1282416642918211  0.03204785813481465  
 0  0.4300370475919065  0.2232667450058754  0.12966657167284112  0.03525264394829612  
 0  0.6038757480763749  0.27667984189723316  0.12681675691080074  0.03525264394829612  
 0  0.6124251923624963  0.4678987287682939  0.1296665716728413  0.03525264394829612  
 0  0.43716158449700754  0.41074671509454114  0.13821601595896257  0.038457429761777615  
 0  0.19848959817611844  0.6756756756756757  0.13109147905386148  0.03418438201046901  
 0  0.6188372755770873  0.6708684969554535  0.13964092333998276  0.03525264394829612  
 0  0.1906526075805072  0.8957376348680697  0.14391564548304359  0.038457429761777615  
 0  0.6152750071245368  0.895203503899156  0.14676546024508405  0.03738916782395036  
