 0  0.20205186662866914  0.12552077769469072  0.12681675691080083  0.03204785813481465  
 0  0.5725277856939298  0.1094968486272834  0.12681675691080074  0.032047858134814665  
 0  0.4136506127101738  0.2387565431043692  0.12539184952978055  0.032047858134814665  
 0  0.5853519521231119  0.2900331161200726  0.13251638643488167  0.03418438201046894  
 0  0.427187232829866  0.4214293344728127  0.1296665716728413  0.03418438201046894  
 0  0.598176118552294  0.4796496100843926  0.12681675691080074  0.03525264394829612  
 0  0.1906526075805072  0.6884948189296014  0.13536620119692214  0.03632090588612324  
 0  0.6081504702194357  0.6767439376135028  0.13821601595896257  0.038457429761777615  
 0  0.18495297805642624  0.9064202542463411  0.13821601595896257  0.038457429761777615  
 0  0.6095753776004559  0.9005448135882917  0.1496152750071246  0.04379873945091334  
