 0  0.18780279281846674  0.11857707509881422  0.1296665716728412  0.03525264394829611  
 0  0.5703904246223995  0.10201901506249332  0.1367911085779424  0.03204785813481465  
 0  0.4072385294955827  0.2334152334152334  0.13251638643488167  0.03632090588612327  
 0  0.5867768595041322  0.28682833030659116  0.13251638643488184  0.03632090588612324  
 0  0.4186377885437445  0.42303172737955347  0.1296665716728413  0.03738916782395043  
 0  0.5981761185522941  0.4828543958978741  0.14106583072100312  0.03311612007264175  
 0  0.17925334853234529  0.7013139621835274  0.1296665716728412  0.03418438201046887  
 0  0.6045882017668851  0.6863582950539471  0.1424907381020233  0.03632090588612324  
 0  0.17070390424622395  0.9251148381583164  0.15246508976916498  0.04166221557525897  
 0  0.6081504702194357  0.9181711355624398  0.14961527500712443  0.04486700138874046  
