 0  0.20632658877172974  0.10842858668945625  0.12681675691080074  0.032047858134814665  
 0  0.586064405813622  0.09026813374639461  0.13109147905386148  0.032047858134814665  
 0  0.4200626959247648  0.223800875974789  0.12966657167284112  0.027774810383506023  
 0  0.5996010259333143  0.27561157995940605  0.13251638643488167  0.030979596196987515  
 0  0.4343117697349671  0.4112808460634548  0.1296665716728413  0.033116120072641815  
 0  0.610287831290966  0.47270590748851615  0.13109147905386148  0.03418438201046894  
 0  0.19278996865203754  0.6874265569917744  0.13394129381590186  0.03632090588612324  
 0  0.6202621829581076  0.6756756756756757  0.1424907381020233  0.038457429761777476  
 0  0.6202621829581076  0.9069543852152547  0.1424907381020233  0.03952569169960486  
 0  0.18281561698489587  0.9117615639354769  0.1424907381020233  0.04059395363743185  
