 0  0.20775149615275001  0.11697468219207348  0.12111712738671983  0.03204785813481465  
 0  0.5903391279566828  0.09614357440444396  0.1282416642918211  0.033116120072641815  
 0  0.4257623254488458  0.2307445785706655  0.1296665716728413  0.030979596196987515  
 0  0.6045882017668851  0.2830894135241961  0.1282416642918211  0.03097959619698748  
 0  0.43573667711598735  0.41769041769041765  0.13251638643488184  0.03525264394829612  
 0  0.6131376460530065  0.47751308620873834  0.12824166429182093  0.030979596196987515  
 0  0.19563978341407798  0.6906313428052557  0.1367911085779424  0.03204785813481463  
 0  0.6209746366486177  0.6804828543958977  0.13821601595896277  0.03738916782395049  
 0  0.18210316329438583  0.9144322187800448  0.13821601595896268  0.03525264394829612  
 0  0.6195497292675975  0.9112274329665633  0.14106583072100312  0.03738916782395036  
