 0  0.1984895981761185  0.11964533703664137  0.11969222000569955  0.028843072321333194  
 0  0.579652322599031  0.10148488409357974  0.12111712738671983  0.026706548445678872  
 0  0.41650042747221416  0.23394936438414696  0.12539184952978055  0.028843072321333176  
 0  0.592476489028213  0.2836235444931097  0.12966657167284112  0.032047858134814665  
 0  0.4278996865203762  0.41822454865933123  0.12539184952978055  0.029911334259160396  
 0  0.6045882017668851  0.47751308620873834  0.1282416642918211  0.030979596196987515  
 0  0.19421487603305781  0.6874265569917744  0.13394129381590203  0.040593953637431984  
 0  0.610287831290966  0.6756756756756757  0.1424907381020233  0.038457429761777476  
 0  0.1870903391279566  0.9069543852152547  0.13394129381590186  0.03525264394829612  
 0  0.6138500997435166  0.9010789445572054  0.13821601595896257  0.03632090588612338  
