 0  0.2006269592476488  0.14101057579318446  0.11541749786263891  0.028843072321333176  
 0  0.561128526645768  0.12071359897446853  0.11826731262467928  0.033116120072641815  
 0  0.41008834425762314  0.24943916248264072  0.12681675691080074  0.02563828650785172  
 0  0.5782274152180108  0.3007157354983442  0.11826731262467946  0.027774810383506023  
 0  0.42220005699629515  0.42783890609977565  0.12254203476774002  0.03204785813481463  
 0  0.5896266742661727  0.48499091977352843  0.1296665716728413  0.03311612007264175  
 0  0.19563978341407803  0.6900972118363422  0.13394129381590195  0.03525264394829612  
 0  0.5988885722428042  0.6788804614891571  0.13964092333998296  0.03632090588612324  
 0  0.18994015388999708  0.9000106826193782  0.1367911085779424  0.04059395363743185  
 0  0.604588201766885  0.8936011109924152  0.1367911085779424  0.03632090588612338  
