 0  0.20276432031917918  0.12017946800555494  0.12254203476774002  0.029911334259160344  
 0  0.4165004274722143  0.23394936438414696  0.1282416642918211  0.028843072321333176  
 0  0.5775149615275006  0.10095075312466617  0.12824166429182093  0.03204785813481465  
 0  0.43074950128241657  0.41769041769041765  0.12539184952978055  0.03525264394829612  
 0  0.6024508406953546  0.475376562333084  0.1296665716728413  0.03525264394829612  
 0  0.19635223710458813  0.689028949898515  0.13251638643488176  0.03738916782395049  
 0  0.6145625534340267  0.6762098066445893  0.13394129381590203  0.03952569169960473  
 0  0.6145625534340268  0.9005448135882917  0.13964092333998296  0.03738916782395049  
 0  0.1878027928184668  0.9058861232774276  0.13536620119692222  0.03525264394829612  
 0  0.5931889427187231  0.28362354449310967  0.1225420347677402  0.029911334259160326  
