 0  0.21345112567683097  0.12178186091229569  0.11826731262467938  0.028843072321333176  
 0  0.5817896836705613  0.10575793184488837  0.11969222000569965  0.028843072321333194  
 0  0.42291251068680524  0.23394936438414696  0.12111712738671983  0.02457002457002457  
 0  0.5931889427187231  0.28736246127550474  0.12539184952978055  0.028843072321333207  
 0  0.433599316044457  0.413417369939109  0.12254203476774002  0.026706548445678838  
 0  0.6024508406953547  0.47324003845742973  0.11826731262467928  0.02884307232133314  
 0  0.20276432031917924  0.6735391518000213  0.12539184952978066  0.029911334259160396  
 0  0.6060131091479054  0.667663711141972  0.12539184952978055  0.03097959619698738  
 0  0.1935024223425476  0.885055015489798  0.13251638643488167  0.03418438201046887  
 0  0.604588201766885  0.8829184916141437  0.1367911085779424  0.03632090588612324  
