 0  0.22983756055856358  0.15596624292276465  0.11114277571957817  0.026706548445678855  
 0  0.57395269307495  0.14154470676209804  0.11256768310059836  0.027774810383506023  
 0  0.42291251068680524  0.2601217818609123  0.11256768310059836  0.02563828650785172  
 0  0.5825021373610714  0.30872770003204786  0.11826731262467928  0.028843072321333207  
 0  0.5896266742661725  0.4828543958978741  0.11541749786263891  0.026706548445678904  
 0  0.4321744086634367  0.42730477513086207  0.11399259048161872  0.028843072321333207  
 0  0.21345112567683092  0.6714026279243669  0.12111712738671983  0.02991133425916026  
 0  0.5960387574807637  0.6628565324217497  0.12539184952978055  0.03204785813481463  
 0  0.2034767740096893  0.86742869351565  0.12681675691080083  0.033116120072641884  
 0  0.5917640353377029  0.8679628244845635  0.12824166429182093  0.03632090588612324  
