 0  0.23197492163009395  0.15115906420254246  0.10686805357651745  0.027774810383506023  
 0  0.5753776004559702  0.1404764448242709  0.109717868338558  0.027774810383506023  
 0  0.427187232829866  0.25745112701634437  0.11256768310059836  0.030979596196987515  
 0  0.5860644058136221  0.30605704518747995  0.11399259048161872  0.027774810383506023  
 0  0.4343117697349672  0.42356585834846705  0.11541749786263891  0.027774810383506023  
 0  0.5903391279566828  0.48018374105330625  0.11399259048161856  0.0320478581348147  
 0  0.214163579367341  0.667663711141972  0.12254203476774002  0.03097959619698738  
 0  0.5939013964092332  0.6612541395150091  0.12396694214876038  0.03311612007264175  
 0  0.2041892277001994  0.8652921696399956  0.12824166429182102  0.03738916782395049  
 0  0.5903391279566828  0.863689776733255  0.13109147905386148  0.03632090588612324  
