 0  0.2362496437731547  0.1645123384253819  0.11541749786263891  0.02457002457002457  
 0  0.5775149615275006  0.15115906420254246  0.11114277571957835  0.027774810383506023  
 0  0.4314619549729267  0.26920200833244307  0.11826731262467946  0.02243350069437026  
 0  0.5853519521231119  0.3162055335968379  0.11826731262467946  0.026706548445678904  
 0  0.4385864918780279  0.433714346757825  0.11541749786263891  0.026706548445678904  
 0  0.592476489028213  0.4892639675248371  0.11826731262467928  0.028843072321333207  
 0  0.598176118552294  0.6698002350176263  0.12966657167284112  0.030979596196987515  
 0  0.21915075520091193  0.6767439376135028  0.12396694214876038  0.029911334259160396  
 0  0.20775149615275004  0.8733041341736993  0.12681675691080083  0.03418438201046887  
 0  0.5931889427187232  0.871167610298045  0.13109147905386148  0.03418438201046901  
