 0  0.22556283841550295  0.1543638500160239  0.11399259048161872  0.027774810383506023  
 0  0.5711028783129096  0.1404764448242709  0.11826731262467928  0.029911334259160326  
 0  0.42220005699629515  0.2601217818609123  0.11684240524365927  0.029911334259160326  
 0  0.5810772299800512  0.30926183100096144  0.11826731262467946  0.032047858134814665  
 0  0.42504987175833564  0.4289071680376028  0.1225420347677402  0.027774810383506092  
 0  0.5874893131946423  0.48499091977352843  0.11969222000569947  0.03525264394829612  
 0  0.2084639498432601  0.6740732827689347  0.12254203476774002  0.030979596196987515  
 0  0.5903391279566828  0.6681978421108856  0.1282416642918211  0.03204785813481463  
 0  0.19563978341407798  0.8722358722358722  0.12824166429182093  0.03418438201046901  
 0  0.5825021373610714  0.8733041341736993  0.13536620119692222  0.038457429761777615  
