 0  0.18851524650897689  0.16504646939429546  0.11399259048161872  0.027774810383506023  
 0  0.5361926474779138  0.15115906420254246  0.1168424052436591  0.027774810383506023  
 0  0.3872898261612995  0.2708044012391838  0.11541749786263891  0.027774810383506023  
 0  0.5483043602165858  0.31780792650357864  0.11256768310059836  0.03204785813481463  
 0  0.39655172413793094  0.4385215254780472  0.12254203476774002  0.029911334259160326  
 0  0.555428897121687  0.49513940818288643  0.12681675691080074  0.029911334259160326  
 0  0.17640353377030488  0.6879606879606879  0.1296665716728413  0.03738916782395036  
 0  0.561128526645768  0.6772780685824162  0.12396694214876038  0.03525264394829599  
 0  0.16714163579367336  0.8903963251789337  0.12824166429182102  0.03204785813481463  
 0  0.5604160729552579  0.8834526225830573  0.13394129381590203  0.033116120072641884  
