 0  0.1778284411513251  0.16504646939429546  0.1097178683385579  0.027774810383506023  
 0  0.5269307495012824  0.15169319517145602  0.12111712738671983  0.026706548445678872  
 0  0.37589056711313756  0.26920200833244307  0.12111712738671983  0.030979596196987515  
 0  0.5354801937874037  0.31941031941031933  0.12396694214876038  0.033116120072641815  
 0  0.385152465089769  0.4406580493537015  0.12539184952978055  0.029911334259160326  
 0  0.5461669991450555  0.49567353915179996  0.1225420347677402  0.033116120072641815  
 0  0.16500427472214294  0.6911654737741694  0.12681675691080074  0.033116120072641884  
 0  0.5518666286691364  0.6794145924580707  0.12824166429182093  0.03738916782395036  
 0  0.15574237674551147  0.8936011109924152  0.13109147905386148  0.03418438201046887  
 0  0.5525790823596466  0.8834526225830573  0.13251638643488167  0.03952569169960486  
