 0  0.16927899686520373  0.18213866039952997  0.10971786833855808  0.025638286507851753  
 0  0.5183813052151609  0.15756863582950537  0.11541749786263891  0.025638286507851753  
 0  0.372328298660587  0.2809528896485418  0.1168424052436591  0.02884307232133314  
 0  0.5361926474779138  0.3210127123170601  0.11969222000569965  0.029911334259160326  
 0  0.39013964092333986  0.4502724067941459  0.12681675691080074  0.03418438201046894  
 0  0.5540039897406668  0.4999465869031086  0.1239669421487602  0.030979596196987515  
 0  0.18139070960387566  0.7071894028415767  0.12539184952978047  0.030979596196987515  
 0  0.5696779709318893  0.6836876402093792  0.1239669421487602  0.04379873945091334  
 0  0.5789398689085208  0.8925328490545882  0.1367911085779424  0.04273047751308622  
 0  0.18352807067540605  0.9096250400598226  0.13251638643488184  0.04273047751308622  
