 0  0.1913650612710173  0.15543211195385107  0.11399259048161864  0.02991133425916036  
 0  0.5418922770019947  0.12819143253925863  0.11399259048161872  0.030979596196987497  
 0  0.39868908520946134  0.25424634120286294  0.11541749786263891  0.03738916782395043  
 0  0.561840980336278  0.29911334259160344  0.1225420347677402  0.04166221557525907  
 0  0.4179253348532344  0.42783890609977565  0.12254203476774002  0.038457429761777615  
 0  0.5803647762895412  0.4785813481465655  0.12539184952978055  0.030979596196987515  
 0  0.2134511256768309  0.6831535092404657  0.12396694214876029  0.03418438201046901  
 0  0.598176118552294  0.661254139515009  0.12966657167284112  0.03525264394829612  
 0  0.21772584781989163  0.8818502296763165  0.13536620119692214  0.038457429761777615  
 0  0.6053006554573951  0.8679628244845635  0.13536620119692222  0.040593953637431984  
