 0  0.2846964947278427  0.2398248050421963  0.09831860929039615  0.02563828650785172  
 0  0.5760900541464803  0.21685717337891247  0.09974351667141634  0.02457002457002457  
 0  0.457822741521801  0.3247516290994552  0.09974351667141634  0.026706548445678838  
 0  0.5931889427187232  0.3605384040166648  0.09974351667141634  0.029911334259160326  
 0  0.47064690795098313  0.4657622048926397  0.10544314619549726  0.028843072321333207  
 0  0.6074380165289256  0.509560944343553  0.10544314619549726  0.028843072321333207  
 0  0.6231119977201481  0.6617882704839226  0.10544314619549726  0.03418438201046887  
 0  0.30393274437161577  0.6783463305202435  0.10544314619549726  0.030979596196987515  
 0  0.30464519806212587  0.8449951928212797  0.10686805357651745  0.033116120072641884  
 0  0.628811627244229  0.8348467044119219  0.11399259048161872  0.03632090588612324  
