 0  0.25334853234539756  0.21952782822348038  0.10116842405243652  0.032047858134814665  
 0  0.5639783414078084  0.19228714880888792  0.1040182388144769  0.033116120072641815  
 0  0.43716158449700765  0.3049887832496528  0.10686805357651763  0.03418438201046897  
 0  0.5810772299800513  0.34291208204251683  0.10686805357651745  0.03525264394829612  
 0  0.45212311199772015  0.4561478474521952  0.11114277571957817  0.03525264394829612  
 0  0.598176118552294  0.5010148488409357  0.11256768310059855  0.03525264394829612  
 0  0.27757195782274147  0.6820852473026386  0.11256768310059855  0.03632090588612324  
 0  0.6117127386719862  0.6628565324217497  0.11684240524365927  0.038457429761777615  
 0  0.28042177258478185  0.8567460741373784  0.11541749786263891  0.03738916782395036  
 0  0.6266742661726987  0.8439269308834526  0.12111712738671983  0.03525264394829612  
