 0  0.22627529210601305  0.19388954171562867  0.10401823881447708  0.03418438201046897  
 0  0.5547164434311769  0.16718299326994976  0.1082929609575378  0.03632090588612327  
 0  0.4200626959247648  0.2873624612755047  0.11541749786263891  0.03525264394829609  
 0  0.5696779709318893  0.3258198910372823  0.11256768310059836  0.03952569169960473  
 0  0.4343117697349671  0.4454652280739237  0.11826731262467946  0.03525264394829612  
 0  0.2390994585351951  0.6847559021472065  0.11541749786263883  0.03738916782395049  
 0  0.5867768595041322  0.4935370152761457  0.11826731262467928  0.03738916782395043  
 0  0.6053006554573952  0.6671295801730585  0.12681675691080094  0.04273047751308622  
 0  0.6124251923624964  0.8615532528576006  0.12681675691080074  0.04059395363743185  
 0  0.2469364491308064  0.8738382651426129  0.12824166429182102  0.04166221557525897  
