 0  0.20846394984326014  0.18267279136844353  0.10829296095753772  0.028843072321333207  
 0  0.543317184383015  0.15115906420254246  0.11399259048161856  0.03632090588612326  
 0  0.40723852949558276  0.2750774489904924  0.11541749786263891  0.03632090588612327  
 0  0.4264747791393559  0.43958978741587434  0.12254203476774002  0.04059395363743185  
 0  0.23482473639213447  0.6879606879606879  0.12681675691080083  0.03738916782395036  
 0  0.5867768595041322  0.485525050742442  0.12681675691080074  0.04486700138874052  
 0  0.5661157024793387  0.3119324858455293  0.1168424052436591  0.04807178720222198  
 0  0.6038757480763749  0.6633906633906633  0.12681675691080074  0.0416622155752591  
 0  0.6181248218865772  0.8652921696399956  0.1296665716728413  0.048071787202221945  
 0  0.23696209746366478  0.8823843606452302  0.12824166429182093  0.04379873945091334  
