 0  0.30891992020518655  0.26225830573656655  0.09831860929039615  0.029911334259160326  
 0  0.586776859504132  0.23929067407328275  0.09831860929039615  0.030979596196987515  
 0  0.4734967227130236  0.3413096891357761  0.09974351667141634  0.027774810383506023  
 0  0.6017383870048446  0.37709646405298575  0.09404388714733543  0.02884307232133314  
 0  0.4870333428327158  0.4785813481465655  0.0954687945283556  0.028843072321333207  
 0  0.6166999145055572  0.519709432752911  0.10401823881447708  0.03204785813481463  
 0  0.3253063550869193  0.6826193782715522  0.10259333143345689  0.02884307232133314  
 0  0.6323738956967796  0.6644589253284906  0.10686805357651763  0.03311612007264175  
 0  0.32744371615844964  0.8417904070077982  0.10686805357651763  0.030979596196987515  
 0  0.6387859789113706  0.8321760495673538  0.11114277571957817  0.03738916782395036  
