 0  0.3131946423482473  0.2633265676743937  0.09261897976631506  0.023501762632197415  
 0  0.5882017668851525  0.24142719794893705  0.09831860929039615  0.033116120072641815  
 0  0.4727842690225134  0.343980343980344  0.0954687945283556  0.03738916782395043  
 0  0.6024508406953547  0.37923298792864013  0.0954687945283556  0.028843072321333207  
 0  0.4870333428327157  0.47804721717765186  0.10116842405243652  0.027774810383506092  
 0  0.32744371615844964  0.6810169853648114  0.10116842405243652  0.03204785813481463  
 0  0.32744371615844964  0.8401880141010576  0.11256768310059836  0.02991133425916026  
 0  0.6152750071245369  0.519709432752911  0.10116842405243652  0.029911334259160326  
 0  0.6330863493872898  0.6660613182352312  0.10544314619549726  0.03632090588612324  
 0  0.6373610715303504  0.8311077876295268  0.11399259048161856  0.03525264394829612  
