 0  0.2839840410373325  0.25317807926503577  0.09404388714733543  0.028843072321333207  
 0  0.5711028783129096  0.2280739237260976  0.1011684240524367  0.02991133425916036  
 0  0.4542604730692504  0.3332977246020724  0.10116842405243652  0.024570024570024534  
 0  0.5896266742661727  0.3669479756436278  0.10116842405243652  0.027774810383506023  
 0  0.6088629239099458  0.5127657301570344  0.10544314619549726  0.030979596196987515  
 0  0.47135936164149317  0.47324003845742973  0.10116842405243652  0.02884307232133314  
 0  0.30820746651467645  0.68529003311612  0.09974351667141634  0.03418438201046887  
 0  0.6216870903391278  0.663924794359577  0.1082929609575378  0.02991133425916026  
 0  0.63451125676831  0.8359149663497488  0.11399259048161872  0.03632090588612324  
 0  0.3089199202051866  0.8476658476658475  0.10401823881447708  0.03418438201046901  
