 0  0.2697349672271302  0.2259373998504433  0.09689370190937598  0.029911334259160326  
 0  0.5661157024793387  0.19656019656019655  0.0968937019093758  0.030979596196987515  
 0  0.4464234824736391  0.3081935690631343  0.10259333143345689  0.03632090588612327  
 0  0.5860644058136221  0.3418438201046896  0.10259333143345689  0.03525264394829612  
 0  0.46352237104588195  0.4545454545454545  0.09974351667141634  0.03418438201046894  
 0  0.6060131091479053  0.49460527721397285  0.1082929609575378  0.03738916782395043  
 0  0.2968082074665146  0.6708684969554535  0.1082929609575378  0.03525264394829612  
 0  0.3053576517526361  0.8385856211943167  0.11114277571957817  0.03311612007264175  
 0  0.623111997720148  0.6516397820745646  0.1082929609575378  0.033116120072641884  
 0  0.6337988030777999  0.8268347398782181  0.11541749786263891  0.03525264394829612  
