 0  0.27329723567968073  0.22059609016130755  0.09831860929039597  0.02563828650785172  
 0  0.5789398689085208  0.19068475590214717  0.10544314619549726  0.03632090588612327  
 0  0.4542604730692504  0.30231812840508493  0.1040182388144769  0.03311612007264179  
 0  0.6003134796238243  0.34024142719794886  0.11399259048161856  0.03418438201046894  
 0  0.623111997720148  0.49887832496528145  0.11114277571957817  0.03738916782395043  
 0  0.4742091764035337  0.4545454545454545  0.109717868338558  0.038457429761777545  
 0  0.3010829296095752  0.6863582950539471  0.1168424052436591  0.038457429761777615  
 0  0.6416357936734112  0.6628565324217497  0.12254203476774002  0.04059395363743185  
 0  0.3096323738956967  0.863689776733255  0.1168424052436591  0.038457429761777476  
 0  0.6565973211741236  0.8492682405725883  0.1296665716728413  0.0416622155752591  
