 0  0.2490738102023368  0.25050742442046786  0.08976916500427469  0.029911334259160326  
 0  0.5440296380735252  0.21739130434782608  0.10686805357651745  0.02991133425916036  
 0  0.4278996865203761  0.33062706975750455  0.10259333143345671  0.03632090588612331  
 0  0.5703904246223995  0.3626749278923192  0.10259333143345689  0.03632090588612331  
 0  0.4478483898546594  0.47377416942634326  0.1082929609575378  0.038457429761777545  
 0  0.592476489028213  0.5149022540326887  0.10686805357651745  0.03952569169960473  
 0  0.2846964947278427  0.6997115692767866  0.109717868338558  0.03738916782395036  
 0  0.6124251923624964  0.675141544706762  0.11256768310059855  0.03738916782395036  
 0  0.2953833000854944  0.8700993483602179  0.11114277571957817  0.04059395363743185  
 0  0.6302365346252492  0.8514047644482426  0.1225420347677402  0.03738916782395036  
