 0  0.2576232544884582  0.237688281166542  0.09831860929039597  0.027774810383506023  
 0  0.5497292675976061  0.2067086849695545  0.10401823881447708  0.027774810383506057  
 0  0.57395269307495  0.35038991560730687  0.10401823881447708  0.033116120072641815  
 0  0.4343117697349671  0.3172737955346651  0.10116842405243652  0.033116120072641815  
 0  0.4542604730692504  0.46202328811024457  0.1040182388144769  0.03418438201046894  
 0  0.5946138500997434  0.5004807178720222  0.11114277571957817  0.04273047751308622  
 0  0.29182103163294376  0.6820852473026385  0.10686805357651763  0.038457429761777615  
 0  0.6152750071245369  0.6580493537015276  0.11256768310059836  0.04166221557525897  
 0  0.30108292960957533  0.8519388954171563  0.11114277571957817  0.038457429761777476  
 0  0.6302365346252493  0.8353808353808352  0.11969222000569965  0.03952569169960473  
