 0  0.2633228840125391  0.22486913791261615  0.1011684240524367  0.027774810383506023  
 0  0.5597036192647477  0.19656019656019655  0.10686805357651763  0.02457002457002457  
 0  0.5839270447420917  0.3418438201046896  0.10686805357651763  0.03525264394829612  
 0  0.43929894556853794  0.30872770003204786  0.1082929609575378  0.033116120072641815  
 0  0.4592476489028212  0.4529430616387138  0.1082929609575378  0.03525264394829612  
 0  0.6017383870048446  0.4951394081828864  0.10544314619549726  0.03204785813481463  
 0  0.29110857794243367  0.6730050208311078  0.1082929609575378  0.028843072321333277  
 0  0.6181248218865772  0.6500373891678239  0.11541749786263891  0.038457429761777615  
 0  0.2996580222285551  0.8423245379767118  0.1225420347677402  0.038457429761777615  
 0  0.6302365346252493  0.8263006089093045  0.11969222000569965  0.04059395363743185  
