 0  0.25334853234539756  0.2259373998504433  0.10116842405243652  0.027774810383506023  
 0  0.5625534340267881  0.1949578036534558  0.10401823881447708  0.02991133425916036  
 0  0.43787403818751774  0.3081935690631343  0.11114277571957817  0.03632090588612327  
 0  0.5832145910515815  0.347719260762739  0.10544314619549726  0.03204785813481463  
 0  0.45782274152180097  0.46095502617241746  0.1168424052436591  0.03632090588612324  
 0  0.6067255628384155  0.5042196346544172  0.11541749786263891  0.03738916782395043  
 0  0.2868338557993729  0.6938361286187372  0.11969222000569965  0.038457429761777615  
 0  0.628811627244229  0.6671295801730585  0.1168424052436591  0.04273047751308622  
 0  0.29324593901396406  0.8722358722358722  0.11826731262467928  0.04273047751308622  
 0  0.6451980621259618  0.8530071573549834  0.12681675691080074  0.04059395363743185  
