 0  0.2604730692504986  0.20510629206281378  0.10686805357651763  0.028843072321333207  
 0  0.5846394984326018  0.17572908877256702  0.1082929609575378  0.027774810383506023  
 0  0.4492732972356796  0.29697681871594916  0.1082929609575378  0.033116120072641815  
 0  0.6053006554573952  0.3343659865398995  0.11256768310059836  0.033116120072641815  
 0  0.4692220005699629  0.45294306163871373  0.11684240524365927  0.033116120072641815  
 0  0.622399544029638  0.5015489798098492  0.12396694214876038  0.038457429761777545  
 0  0.28113422627529205  0.6927678666809101  0.11969222000569965  0.038457429761777615  
 0  0.6444856084354517  0.6746074137378484  0.12824166429182093  0.04273047751308622  
 0  0.2854089484183528  0.8797137058006622  0.13109147905386148  0.038457429761777476  
 0  0.6523225990310629  0.86742869351565  0.13251638643488167  0.04379873945091334  
