 0  0.24764890282131657  0.19282127977780147  0.10971786833855808  0.032047858134814665  
 0  0.5718153320034197  0.1623758145497276  0.11114277571957835  0.03097959619698748  
 0  0.43858649187802784  0.2841576754620233  0.11256768310059836  0.030979596196987515  
 0  0.592476489028213  0.323683367161628  0.11541749786263891  0.03525264394829612  
 0  0.4556853804502707  0.4433287041982694  0.11256768310059855  0.03525264394829612  
 0  0.6117127386719862  0.49033222946266425  0.11684240524365927  0.03525264394829612  
 0  0.26546024508406946  0.6836876402093792  0.12254203476774002  0.03525264394829612  
 0  0.6280991735537189  0.6660613182352312  0.12396694214876038  0.03632090588612324  
 0  0.26759760615559985  0.8727700032047858  0.12396694214876038  0.03952569169960473  
 0  0.63451125676831  0.8620873838265141  0.12539184952978055  0.03738916782395049  
