 0  0.24123681960672547  0.18534344621301138  0.11114277571957809  0.032047858134814665  
 0  0.5682530635508691  0.1591710287362461  0.11826731262467946  0.0331161200726418  
 0  0.4321744086634368  0.2777481038350603  0.11684240524365927  0.03738916782395043  
 0  0.5867768595041322  0.3194103194103194  0.11826731262467928  0.03525264394829612  
 0  0.4471359361641493  0.4427945732293558  0.12111712738671983  0.038457429761777545  
 0  0.6045882017668851  0.48926396752483703  0.11969222000569965  0.03952569169960473  
 0  0.6188372755770873  0.668731973079799  0.12539184952978055  0.03738916782395049  
 0  0.24693644913080642  0.6863582950539471  0.12539184952978055  0.04273047751308622  
 0  0.24479908805927605  0.8797137058006622  0.1296665716728413  0.04273047751308622  
 0  0.623111997720148  0.8722358722358722  0.13109147905386148  0.038457429761777615  
