 0  0.22627529210601305  0.1575686358295054  0.11541749786263891  0.02777481038350604  
 0  0.5825021373610714  0.13086208738382651  0.12396694214876038  0.032047858134814665  
 0  0.43074950128241657  0.25851938895417154  0.12824166429182093  0.03738916782395043  
 0  0.5988885722428041  0.3028522593739985  0.1168424052436591  0.03632090588612331  
 0  0.4478483898546594  0.4331802157889114  0.1282416642918211  0.04273047751308622  
 0  0.6110002849814761  0.4833885268667877  0.12681675691080094  0.03632090588612324  
 0  0.628811627244229  0.6692661040487127  0.13394129381590203  0.04486700138874059  
 0  0.238387004844685  0.6874265569917744  0.12539184952978047  0.040593953637431984  
 0  0.2333998290111142  0.8919987180856745  0.13536620119692214  0.033116120072641884  
 0  0.6323738956967796  0.8839867535519709  0.13821601595896277  0.040593953637431984  
