 0  0.2355371900826445  0.16290994551864116  0.11114277571957817  0.029911334259160326  
 0  0.5882017668851524  0.13833992094861658  0.11826731262467928  0.027774810383506023  
 0  0.4400113992590481  0.26439482961222094  0.12396694214876038  0.032047858134814665  
 0  0.6060131091479054  0.31086422390770213  0.12539184952978055  0.028843072321333207  
 0  0.45354801937874023  0.43958978741587434  0.12539184952978055  0.038457429761777615  
 0  0.6188372755770873  0.49140049140049136  0.12539184952978055  0.03952569169960473  
 0  0.24052436591621534  0.6949043905565644  0.12111712738671983  0.03204785813481477  
 0  0.6345112567683099  0.6794145924580707  0.13109147905386148  0.033116120072641884  
 0  0.23909945853519515  0.8957376348680697  0.13251638643488167  0.03418438201046901  
 0  0.6380735252208606  0.8909304561478474  0.13536620119692222  0.03738916782395036  
