 0  0.23055001424907376  0.1677171242388633  0.11541749786263891  0.02457002457002457  
 0  0.5839270447420917  0.14154470676209804  0.11826731262467946  0.02563828650785172  
 0  0.43502422342547725  0.2665313534878752  0.1225420347677402  0.032047858134814665  
 0  0.598176118552294  0.3119324858455293  0.12111712738672001  0.030979596196987515  
 0  0.44927329723567966  0.4411921803226151  0.12539184952978055  0.03525264394829612  
 0  0.6159874608150469  0.4930028843072321  0.12539184952978055  0.03418438201046901  
 0  0.24052436591621537  0.6981091763700459  0.12681675691080083  0.038457429761777615  
 0  0.6280991735537189  0.6794145924580707  0.13536620119692222  0.0416622155752591  
 0  0.23981191222570525  0.9005448135882917  0.13109147905386148  0.03311612007264175  
 0  0.6330863493872898  0.8919987180856745  0.1367911085779424  0.03525264394829612  
