 0  0.22983756055856364  0.15329558807819677  0.11684240524365919  0.02563828650785172  
 0  0.5803647762895411  0.12765730157034505  0.11969222000569965  0.029911334259160344  
 0  0.4328868623539469  0.25745112701634437  0.1239669421487602  0.028843072321333176  
 0  0.598176118552294  0.3001816045294306  0.11826731262467928  0.030979596196987515  
 0  0.44998575092618964  0.4289071680376028  0.12111712738671983  0.027774810383506092  
 0  0.615987460815047  0.48071787202221977  0.12254203476774002  0.033116120072641815  
 0  0.23909945853519515  0.68529003311612  0.1296665716728413  0.03632090588612338  
 0  0.6280991735537189  0.6671295801730585  0.13536620119692222  0.038457429761777476  
 0  0.23767455115417496  0.8861232774276252  0.1296665716728413  0.03418438201046901  
 0  0.6316614420062695  0.8791795748317487  0.13109147905386148  0.03525264394829612  
