 0  0.2248503847249928  0.15596624292276465  0.115417497862639  0.026706548445678855  
 0  0.579652322599031  0.12925969447708577  0.12111712738671983  0.03097959619698748  
 0  0.4314619549729267  0.25745112701634437  0.12111712738671983  0.028843072321333176  
 0  0.598176118552294  0.3039205213118256  0.12396694214876038  0.03418438201046901  
 0  0.44499857509261886  0.43157782288217067  0.12254203476774002  0.033116120072641815  
 0  0.6124251923624963  0.4860591817113556  0.11826731262467946  0.033116120072641815  
 0  0.2390994585351951  0.6895630808674286  0.12396694214876029  0.038457429761777615  
 0  0.628811627244229  0.674073282768935  0.13964092333998276  0.03525264394829612  
 0  0.2326873753206041  0.8925328490545882  0.13394129381590195  0.03418438201046901  
 0  0.6373610715303504  0.8845208845208844  0.1424907381020233  0.0416622155752591  
