 0  0.22413793103448268  0.13887405191753016  0.11969222000569965  0.0331161200726418  
 0  0.5846394984326018  0.11109924153402413  0.12254203476774002  0.028843072321333194  
 0  0.603875748076375  0.2900331161200726  0.12111712738671983  0.029911334259160326  
 0  0.43502422342547725  0.24463198376241854  0.12539184952978055  0.026706548445678872  
 0  0.44998575092618964  0.42036107253498556  0.12111712738671983  0.03418438201046901  
 0  0.6174123681960672  0.4743083003952569  0.1282416642918211  0.03738916782395043  
 0  0.2362496437731547  0.6799487234269843  0.12681675691080074  0.03204785813481463  
 0  0.6330863493872897  0.6644589253284905  0.13394129381590186  0.03525264394829612  
 0  0.6352237104588201  0.8775771819250079  0.13821601595896257  0.03418438201046887  
 0  0.23482473639213447  0.8845208845208845  0.1296665716728412  0.03311612007264175  
