 0  0.2462239954402963  0.17893387458604848  0.10686805357651753  0.02563828650785172  
 0  0.5789398689085208  0.15382971904711032  0.10544314619549726  0.026706548445678872  
 0  0.43929894556853794  0.27347505608375167  0.12254203476774002  0.028843072321333176  
 0  0.5946138500997434  0.3162055335968379  0.11969222000569965  0.030979596196987515  
 0  0.4535480193787403  0.43585087063347927  0.11969222000569965  0.03738916782395049  
 0  0.6081504702194357  0.48712744364918276  0.12396694214876038  0.03525264394829612  
 0  0.6245369051011683  0.6644589253284905  0.12824166429182093  0.03738916782395036  
 0  0.24978626389284686  0.6820852473026385  0.12539184952978047  0.03204785813481463  
 0  0.2462239954402963  0.8759747890182673  0.12681675691080083  0.03952569169960473  
 0  0.6295240809347391  0.8706334793291314  0.13251638643488184  0.03738916782395049  
