 0  0.24479908805927605  0.18213866039952997  0.11256768310059836  0.027774810383506057  
 0  0.5817896836705614  0.15382971904711035  0.1168424052436591  0.035252643948296136  
 0  0.4400113992590481  0.27614571092831963  0.11826731262467928  0.032047858134814665  
 0  0.598176118552294  0.31780792650357864  0.11541749786263891  0.03632090588612324  
 0  0.45212311199772015  0.43958978741587434  0.11969222000569965  0.03632090588612324  
 0  0.6110002849814761  0.4892639675248371  0.12111712738671983  0.03738916782395043  
 0  0.24836135651182667  0.6863582950539471  0.12539184952978047  0.04059395363743185  
 0  0.6245369051011683  0.6698002350176263  0.1168424052436591  0.04593526332656771  
 0  0.2462239954402963  0.8839867535519709  0.12681675691080083  0.040593953637431984  
 0  0.63451125676831  0.8754406580493537  0.1367911085779424  0.04486700138874046  
