 0  0.21772584781989163  0.15810276679841895  0.11541749786263883  0.030979596196987497  
 0  0.5589911655742376  0.13299861125948081  0.11969222000569965  0.032047858134814665  
 0  0.4136506127101738  0.25424634120286294  0.1225420347677402  0.033116120072641815  
 0  0.5753776004559702  0.2975109496848627  0.12111712738671983  0.040593953637431915  
 0  0.4257623254488458  0.4240999893173806  0.12111712738671983  0.03525264394829612  
 0  0.5917640353377029  0.4764448242709112  0.1225420347677402  0.03525264394829612  
 0  0.21986320889142202  0.6724708898621942  0.12539184952978055  0.04059395363743185  
 0  0.604588201766885  0.6548445678880461  0.13394129381590203  0.0416622155752591  
 0  0.21986320889142197  0.8722358722358722  0.12824166429182102  0.03632090588612324  
 0  0.6088629239099458  0.8615532528576006  0.13964092333998276  0.04059395363743185  
