 0  0.2241379310344827  0.16558060036320907  0.11399259048161882  0.033116120072641815  
 0  0.5625534340267881  0.137805789979703  0.11256768310059855  0.0331161200726418  
 0  0.4207751496152749  0.261724174767653  0.11399259048161872  0.03097959619698748  
 0  0.579652322599031  0.3049887832496528  0.11826731262467946  0.040593953637431915  
 0  0.4343117697349671  0.42730477513086207  0.12111712738671983  0.03738916782395043  
 0  0.5946138500997434  0.47751308620873834  0.12254203476774002  0.03952569169960473  
 0  0.23055001424907373  0.6762098066445892  0.12111712738671974  0.0416622155752591  
 0  0.6074380165289256  0.6585834846704413  0.12824166429182093  0.04486700138874046  
 0  0.22912510686805349  0.8722358722358722  0.13251638643488167  0.03204785813481463  
 0  0.6181248218865772  0.8626215147954277  0.1296665716728413  0.038457429761777615  
