 0  0.2326873753206041  0.161841683580814  0.11399259048161864  0.03204785813481463  
 0  0.57395269307495  0.13994231385535733  0.11256768310059836  0.03097959619698748  
 0  0.42932459390139627  0.2590535199230851  0.11969222000569965  0.02563828650785172  
 0  0.5910515816471928  0.30338639034291204  0.12111712738671983  0.033116120072641815  
 0  0.6031632943858648  0.47751308620873834  0.1225420347677402  0.03525264394829612  
 0  0.445711028783129  0.4257023822241213  0.11541749786263891  0.03418438201046901  
 0  0.23696209746366478  0.6719367588932805  0.12824166429182093  0.03525264394829612  
 0  0.6145625534340267  0.6564469607947868  0.12824166429182093  0.038457429761777615  
 0  0.6209746366486176  0.8615532528576006  0.13536620119692222  0.03632090588612338  
 0  0.2326873753206041  0.871167610298045  0.13109147905386156  0.02991133425916026  
