 0  0.23909945853519515  0.17038777908343125  0.109717868338558  0.027774810383506057  
 0  0.5746651467654601  0.14688601645123384  0.11114277571957817  0.029911334259160344  
 0  0.43644913080649755  0.2670654844567888  0.11969222000569965  0.030979596196987515  
 0  0.5953263037902535  0.31139835487661577  0.11826731262467946  0.029911334259160326  
 0  0.44998575092618975  0.4326460848199978  0.11541749786263891  0.028843072321333207  
 0  0.6067255628384154  0.48499091977352843  0.12111712738671983  0.030979596196987515  
 0  0.24266172698774574  0.6799487234269842  0.1225420347677401  0.03418438201046901  
 0  0.6188372755770873  0.6633906633906633  0.11969222000569947  0.033116120072641884  
 0  0.23909945853519515  0.8754406580493537  0.12111712738671983  0.03632090588612324  
 0  0.6245369051011684  0.8663604315778228  0.13109147905386148  0.03738916782395049  
