 0  0.21558848674836126  0.13994231385535733  0.10829296095753772  0.028843072321333176  
 0  0.561128526645768  0.11590642025424633  0.11256768310059855  0.029911334259160344  
 0  0.41578797378170407  0.2387565431043692  0.12396694214876038  0.032047858134814665  
 0  0.5760900541464804  0.2852259373998504  0.11399259048161872  0.03525264394829609  
 0  0.4300370475919065  0.41021258412562756  0.12681675691080074  0.03311612007264175  
 0  0.5917640353377029  0.46309155004807173  0.1225420347677402  0.03418438201046901  
 0  0.2177258478198917  0.6591176156393548  0.12681675691080083  0.03738916782395036  
 0  0.6010259333143344  0.6430936865719474  0.12681675691080094  0.03738916782395036  
 0  0.2127386719863208  0.8556778121995513  0.1225420347677401  0.0416622155752591  
 0  0.6053006554573951  0.8465975857280205  0.13536620119692222  0.04059395363743185  
