 0  0.2547734397264177  0.17733148167930773  0.10686805357651763  0.026706548445678872  
 0  0.5860644058136221  0.14902254032688814  0.1168424052436591  0.03204785813481465  
 0  0.4464234824736391  0.26920200833244307  0.1168424052436591  0.030979596196987515  
 0  0.6024508406953547  0.309795961969875  0.11256768310059855  0.03525264394829612  
 0  0.4599601025933313  0.4294412990065164  0.11826731262467946  0.03525264394829612  
 0  0.6188372755770873  0.48125200299113335  0.11969222000569947  0.03204785813481463  
 0  0.2583357081789683  0.6740732827689347  0.1168424052436591  0.030979596196987515  
 0  0.6309489883157593  0.6564469607947867  0.12396694214876038  0.03418438201046901  
 0  0.256910800797948  0.8663604315778228  0.11969222000569965  0.03311612007264175  
 0  0.6373610715303504  0.8588825980130328  0.13109147905386148  0.03525264394829612  
