 0  0.24408663436876593  0.1645123384253819  0.10544314619549718  0.026706548445678872  
 0  0.57395269307495  0.13833992094861658  0.11541749786263891  0.023501762632197415  
 0  0.4343117697349671  0.2553146031406901  0.12111712738671983  0.028843072321333207  
 0  0.5917640353377029  0.295908556778122  0.1168424052436591  0.03525264394829616  
 0  0.45212311199772015  0.4187586796282448  0.11969222000569965  0.03525264394829612  
 0  0.6074380165289256  0.4657622048926397  0.1168424052436591  0.03738916782395043  
 0  0.24836135651182667  0.6612541395150091  0.1225420347677401  0.03311612007264175  
 0  0.6238244514106582  0.6446960794786881  0.12681675691080074  0.038457429761777615  
 0  0.24693644913080648  0.8556778121995513  0.1225420347677401  0.033116120072641884  
 0  0.6352237104588201  0.8449951928212797  0.12966657167284112  0.03525264394829612  
