 0  0.2554858934169279  0.16771712423886337  0.10544314619549726  0.030979596196987515  
 0  0.5746651467654601  0.15863689776733256  0.1082929609575378  0.027774810383506057  
 0  0.43573667711598746  0.25638286507851726  0.109717868338558  0.02243350069437026  
 0  0.5874893131946423  0.2975109496848627  0.11114277571957835  0.02563828650785172  
 0  0.4414363066400683  0.40540540540540543  0.11541749786263891  0.027774810383506092  
 0  0.598176118552294  0.4545454545454545  0.11256768310059855  0.029911334259160326  
 0  0.21558848674836129  0.640957162696293  0.12539184952978055  0.02884307232133314  
 0  0.6074380165289256  0.6286721504112809  0.1225420347677402  0.027774810383506023  
 0  0.19350242234254766  0.8519388954171563  0.14106583072100304  0.03632090588612324  
 0  0.6117127386719863  0.844461061852366  0.14534055286406386  0.040593953637431984  
