 0  0.2333998290111142  0.17572908877256702  0.10401823881447698  0.02563828650785172  
 0  0.555428897121687  0.1623758145497276  0.10686805357651745  0.026706548445678872  
 0  0.4179253348532344  0.2638606986433073  0.11114277571957817  0.028843072321333176  
 0  0.5732402393844399  0.3044546522807392  0.11399259048161872  0.028843072321333176  
 0  0.42433741806782554  0.41501976284584974  0.11541749786263891  0.03418438201046894  
 0  0.5839270447420917  0.4636256810169853  0.11826731262467946  0.033116120072641815  
 0  0.19920205186662862  0.6553786988569598  0.13251638643488184  0.03418438201046901  
 0  0.598176118552294  0.6398889007584659  0.12966657167284112  0.03738916782395036  
 0  0.6060131091479053  0.8551436812306377  0.13964092333998296  0.038457429761777615  
 0  0.18067825591336556  0.8727700032047857  0.14676546024508397  0.0416622155752591  
