 0  0.23624964377315463  0.16718299326994976  0.1097178683385579  0.02563828650785172  
 0  0.5575662581932174  0.15382971904711032  0.11114277571957817  0.026706548445678872  
 0  0.4186377885437446  0.25424634120286294  0.11256768310059855  0.030979596196987515  
 0  0.5711028783129096  0.29697681871594916  0.11541749786263891  0.028843072321333207  
 0  0.4278996865203761  0.4091443221878004  0.11684240524365927  0.028843072321333207  
 0  0.5867768595041322  0.4561478474521952  0.11826731262467928  0.033116120072641815  
 0  0.5996010259333142  0.633479329131503  0.12681675691080074  0.03525264394829612  
 0  0.20062695924764887  0.651105651105651  0.13251638643488176  0.02991133425916026  
 0  0.1792533485323453  0.86742869351565  0.13821601595896257  0.045935263326567576  
 0  0.6067255628384154  0.8519388954171563  0.13821601595896277  0.04273047751308622  
