 0  0.2447990880592761  0.161841683580814  0.10686805357651753  0.02563828650785172  
 0  0.5682530635508691  0.147954278389061  0.109717868338558  0.02136523875654311  
 0  0.42932459390139627  0.24997329345155428  0.11114277571957817  0.02243350069437026  
 0  0.5846394984326018  0.2921696399957269  0.1082929609575378  0.025638286507851688  
 0  0.20632658877172977  0.6457643414165153  0.13251638643488176  0.03204785813481463  
 0  0.4343117697349672  0.40540540540540543  0.12396694214876038  0.029911334259160326  
 0  0.18424052436591612  0.8631556457643413  0.13964092333998285  0.03525264394829612  
 0  0.6067255628384154  0.6318769362247624  0.13251638643488167  0.03632090588612324  
 0  0.5939013964092333  0.45561371648328164  0.11826731262467946  0.027774810383506023  
 0  0.6145625534340268  0.8530071573549834  0.1424907381020233  0.038457429761777615  
