 0  0.25192362496437726  0.1709219100523448  0.10401823881447708  0.020296976818715926  
 0  0.5711028783129096  0.1597051597051597  0.10686805357651745  0.02136523875654311  
 0  0.433599316044457  0.2590535199230851  0.1082929609575378  0.019228714880888807  
 0  0.5853519521231119  0.3007157354983442  0.109717868338558  0.02991133425916036  
 0  0.4407238529495582  0.41021258412562756  0.11969222000569947  0.02884307232133314  
 0  0.5974636648617839  0.45988676423459035  0.1168424052436591  0.02563828650785172  
 0  0.6088629239099458  0.6356158530071573  0.12824166429182093  0.033116120072641884  
 0  0.21202621829581075  0.647366734323256  0.1296665716728413  0.03525264394829612  
 0  0.18637788543744652  0.8615532528576006  0.13821601595896277  0.03632090588612338  
 0  0.6124251923624964  0.8530071573549832  0.13821601595896257  0.03632090588612324  
