 0  0.2640353377030492  0.17946800555496203  0.10259333143345689  0.02457002457002457  
 0  0.5789398689085209  0.16611473133212262  0.10259333143345671  0.023501762632197415  
 0  0.44998575092618975  0.4155538938147634  0.11541749786263891  0.026706548445678838  
 0  0.4428612140210886  0.26546309155004805  0.11256768310059836  0.02563828650785172  
 0  0.5996010259333143  0.46629633586155317  0.109717868338558  0.029911334259160326  
 0  0.5917640353377029  0.3044546522807392  0.1082929609575378  0.028843072321333176  
 0  0.22698774579652317  0.6479008652921695  0.13109147905386156  0.03418438201046901  
 0  0.6166999145055571  0.6372182459138981  0.1296665716728413  0.03418438201046901  
 0  0.2091764035337703  0.8583484670441192  0.13536620119692222  0.038457429761777615  
 0  0.6266742661726987  0.8503365025104154  0.14106583072100312  0.04166221557525897  
