 0  0.2611855229410087  0.17572908877256702  0.10259333143345671  0.02563828650785172  
 0  0.5768025078369905  0.1634440764875547  0.10401823881447708  0.02457002457002457  
 0  0.43929894556853794  0.2601217818609123  0.11114277571957817  0.029911334259160326  
 0  0.5889142205756625  0.30285225937399846  0.11399259048161872  0.03418438201046897  
 0  0.4471359361641493  0.41074671509454114  0.12111712738671983  0.03418438201046894  
 0  0.6024508406953547  0.46095502617241746  0.11826731262467928  0.029911334259160326  
 0  0.22556283841550295  0.6468326033543425  0.12539184952978055  0.03204785813481463  
 0  0.6152750071245369  0.6313428052558487  0.13251638643488167  0.03738916782395036  
 0  0.20490168139070955  0.8583484670441192  0.13821601595896257  0.03632090588612338  
 0  0.6245369051011683  0.8444610618523661  0.14534055286406386  0.04700352526439483  
