 0  0.25976061555998853  0.17359256489691272  0.1082929609575378  0.02136523875654311  
 0  0.5768025078369904  0.1613075526119004  0.109717868338558  0.02457002457002457  
 0  0.43858649187802784  0.2590535199230851  0.11256768310059836  0.029911334259160326  
 0  0.5917640353377029  0.3007157354983442  0.1082929609575378  0.03204785813481463  
 0  0.4478483898546593  0.4091443221878004  0.11399259048161872  0.0245700245700246  
 0  0.6053006554573952  0.4582843713278496  0.11826731262467946  0.028843072321333207  
 0  0.22912510686805349  0.6436278175408611  0.13251638643488167  0.03204785813481477  
 0  0.6195497292675974  0.6302745433180216  0.12681675691080074  0.03525264394829612  
 0  0.21131376460530066  0.8551436812306378  0.13964092333998296  0.04273047751308622  
 0  0.6280991735537189  0.8428586689456254  0.13821601595896257  0.04379873945091334  
