 0  0.25192362496437726  0.16611473133212262  0.1011684240524367  0.027774810383506023  
 0  0.5725277856939298  0.15329558807819677  0.109717868338558  0.02563828650785172  
 0  0.4343117697349672  0.25317807926503577  0.11541749786263891  0.026706548445678904  
 0  0.5867768595041322  0.2937720329024677  0.11541749786263891  0.030979596196987546  
 0  0.44428612140210877  0.40326888152975104  0.11826731262467946  0.03418438201046894  
 0  0.5974636648617838  0.45294306163871373  0.11969222000569965  0.028843072321333207  
 0  0.6166999145055571  0.62706975750454  0.1296665716728413  0.03311612007264175  
 0  0.22057566258193206  0.6388206388206387  0.1296665716728412  0.03311612007264175  
 0  0.20276432031917918  0.8503365025104154  0.13394129381590186  0.03952569169960473  
 0  0.6202621829581076  0.8401880141010576  0.1424907381020233  0.04273047751308622  
