 0  0.25263607865488735  0.16611473133212262  0.10544314619549726  0.02563828650785172  
 0  0.5725277856939298  0.15382971904711032  0.109717868338558  0.02457002457002457  
 0  0.5867768595041322  0.29430616387138125  0.11256768310059855  0.02991133425916036  
 0  0.22128811627244224  0.6409571626962932  0.13109147905386156  0.03311612007264175  
 0  0.44286121402108847  0.4038030124986647  0.11541749786263891  0.033116120072641815  
 0  0.6010259333143344  0.45240893066980026  0.11826731262467946  0.029911334259160326  
 0  0.43787403818751774  0.2521098173272086  0.11684240524365927  0.026706548445678872  
 0  0.6145625534340267  0.6254673645977994  0.12539184952978055  0.03632090588612324  
 0  0.6231119977201481  0.8380514902254033  0.1367911085779424  0.038457429761777615  
 0  0.20276432031917918  0.8492682405725883  0.13964092333998296  0.0416622155752591  
