 0  0.26688515246508965  0.1634440764875547  0.1082929609575378  0.028843072321333176  
 0  0.5931889427187231  0.1543638500160239  0.10829296095753763  0.023501762632197398  
 0  0.2113137646053006  0.6404230317273796  0.13394129381590195  0.038457429761777615  
 0  0.45283556568823013  0.4005982266851832  0.12681675691080074  0.03525264394829612  
 0  0.4485608435451695  0.24943916248264072  0.1239669421487602  0.027774810383506023  
 0  0.6238244514106582  0.6308086742869351  0.13251638643488184  0.03418438201046901  
 0  0.6131376460530065  0.451340668731973  0.1168424052436591  0.02563828650785172  
 0  0.603875748076375  0.2932379019335541  0.109717868338558  0.02563828650785172  
 0  0.6302365346252493  0.8599508599508598  0.1510401823881448  0.0416622155752591  
 0  0.17640353377030488  0.863689776733255  0.1496152750071246  0.038457429761777476  
