 0  0.26688515246508965  0.165580600363209  0.1082929609575378  0.026706548445678872  
 0  0.592476489028213  0.15596624292276465  0.10686805357651745  0.02457002457002455  
 0  0.45141065830720994  0.25317807926503577  0.11256768310059855  0.02243350069437026  
 0  0.6067255628384154  0.295908556778122  0.109717868338558  0.026706548445678904  
 0  0.4549729267597606  0.40593953637431895  0.1168424052436591  0.024570024570024534  
 0  0.6152750071245369  0.4588185022967631  0.11826731262467946  0.029911334259160326  
 0  0.6309489883157593  0.6420254246341202  0.13536620119692222  0.03311612007264175  
 0  0.20988885722428033  0.6505715201367374  0.13964092333998285  0.03311612007264175  
 0  0.17497862638928469  0.8781113128939215  0.1496152750071246  0.04593526332656771  
 0  0.6337988030777999  0.8759747890182673  0.15816471929324588  0.03952569169960473  
