 0  0.26831005984610995  0.158102766798419  0.10544314619549726  0.02457002457002457  
 0  0.4535480193787403  0.24516611473133212  0.11684240524365927  0.023501762632197415  
 0  0.4563978341407808  0.39846170280952886  0.1225420347677402  0.030979596196987515  
 0  0.2098888572242804  0.6393547697895523  0.1424907381020234  0.038457429761777615  
 0  0.5946138500997434  0.14848840935797455  0.1082929609575378  0.024570024570024582  
 0  0.6067255628384155  0.289498985151159  0.11541749786263891  0.028843072321333207  
 0  0.6188372755770873  0.45134066873197304  0.12539184952978055  0.029911334259160396  
 0  0.6316614420062695  0.6313428052558487  0.13964092333998296  0.03738916782395036  
 0  0.6316614420062695  0.8631556457643413  0.15958962667426627  0.0416622155752591  
 0  0.17925334853234529  0.8679628244845635  0.16101453405528635  0.04486700138874046  
