 0  0.275434596751211  0.15169319517145602  0.10544314619549726  0.028843072321333176  
 0  0.5988885722428041  0.1426129686999252  0.11399259048161872  0.02563828650785172  
 0  0.6117127386719862  0.27988462771071465  0.11684240524365927  0.028843072321333207  
 0  0.6202621829581076  0.44119218032261504  0.13109147905386148  0.033116120072641815  
 0  0.6373610715303504  0.6201260549086637  0.13964092333998296  0.04273047751308622  
 0  0.6387859789113706  0.8481999786347612  0.1510401823881448  0.03738916782395036  
 0  0.1878027928184667  0.8514047644482426  0.15246508976916498  0.03952569169960473  
 0  0.21986320889142194  0.6292062813801945  0.1424907381020233  0.03738916782395049  
 0  0.4592476489028212  0.3904497382758252  0.12539184952978039  0.03204785813481463  
 0  0.45853519521231106  0.237688281166542  0.11541749786263891  0.02136523875654311  
