 0  0.27258478198917063  0.1565003738916782  0.10829296095753763  0.023501762632197415  
 0  0.4571102878312909  0.24249545988676421  0.11541749786263891  0.028843072321333207  
 0  0.4606725562838415  0.39151800021365235  0.1168424052436591  0.029911334259160326  
 0  0.21986320889142197  0.6281380194423672  0.1367911085779425  0.033116120072641884  
 0  0.6330863493872897  0.6201260549086637  0.13394129381590186  0.03632090588612324  
 0  0.621687090339128  0.44226044226044225  0.12539184952978055  0.028843072321333207  
 0  0.6117127386719862  0.2841576754620233  0.11684240524365927  0.030979596196987515  
 0  0.5967512111712737  0.14421536160666595  0.10116842405243652  0.02457002457002455  
 0  0.6380735252208605  0.8481999786347612  0.15246508976916498  0.04379873945091334  
 0  0.18637788543744652  0.8530071573549834  0.15246508976916498  0.04059395363743185  
