 0  0.26546024508406946  0.14902254032688814  0.10259333143345671  0.025638286507851736  
 0  0.586776859504132  0.14101057579318446  0.109717868338558  0.02457002457002457  
 0  0.6031632943858648  0.27935049674180107  0.11969222000569947  0.03632090588612331  
 0  0.4449985750926189  0.23822241213545556  0.11399259048161872  0.020296976818715957  
 0  0.45283556568823013  0.38831321440017086  0.12681675691080074  0.029911334259160326  
 0  0.6117127386719862  0.4406580493537015  0.1282416642918211  0.029911334259160326  
 0  0.6245369051011683  0.6190577929708364  0.13964092333998276  0.038457429761777615  
 0  0.20632658877172974  0.6281380194423672  0.13821601595896257  0.03738916782395036  
 0  0.177115987460815  0.8519388954171563  0.1567398119122258  0.04273047751308622  
 0  0.6316614420062694  0.8487341096036748  0.15673981191222572  0.04273047751308622  
