 0  0.26546024508406946  0.15863689776733256  0.10544314619549744  0.02563828650785172  
 0  0.4478483898546593  0.24623437666915926  0.1168424052436591  0.02563828650785172  
 0  0.6138500997435166  0.44867001388740513  0.12396694214876038  0.028843072321333207  
 0  0.6017383870048445  0.28736246127550474  0.11114277571957817  0.0245700245700246  
 0  0.5903391279566828  0.14955667129580172  0.1082929609575378  0.02670654844567889  
 0  0.6245369051011683  0.6265356265356264  0.13964092333998276  0.03418438201046887  
 0  0.6280991735537189  0.8578143360752056  0.15246508976916498  0.04166221557525897  
 0  0.45212311199772004  0.39472278602713384  0.1168424052436591  0.029911334259160396  
 0  0.20703904246223992  0.6361499839760708  0.13964092333998296  0.040593953637431984  
 0  0.17854089484183525  0.8620873838265141  0.15388999715018534  0.043798739450913476  
