 0  0.3003704759190652  0.1452836235444931  0.10686805357651745  0.02670654844567889  
 0  0.6252493587916785  0.13994231385535733  0.109717868338558  0.03097959619698748  
 0  0.4841835280706753  0.23608588825980126  0.11541749786263891  0.03097959619698748  
 0  0.6359361641493302  0.2798846277107146  0.11399259048161872  0.03097959619698748  
 0  0.6430607010544314  0.4406580493537015  0.1282416642918211  0.0320478581348147  
 0  0.4827586206896551  0.3872449524623437  0.10971786833855782  0.03204785813481463  
 0  0.2376745511541749  0.6243991026599721  0.14106583072100323  0.03632090588612324  
 0  0.6537475064120831  0.6227967097532315  0.13821601595896277  0.03952569169960473  
 0  0.201339412938159  0.8481999786347612  0.1510401823881448  0.0416622155752591  
 0  0.6551724137931033  0.850870633479329  0.15246508976916498  0.04914004914004907  
