 0  0.2633228840125391  0.13833992094861658  0.11256768310059855  0.027774810383506023  
 0  0.5946138500997433  0.13246448029056723  0.11399259048161872  0.028843072321333207  
 0  0.4485608435451695  0.2312787095395791  0.12111712738671983  0.02991133425916036  
 0  0.6038757480763749  0.275611579959406  0.11826731262467928  0.026706548445678872  
 0  0.44998575092618964  0.38457429761777584  0.12111712738671983  0.030979596196987515  
 0  0.6145625534340267  0.4385215254780472  0.12539184952978055  0.0320478581348147  
 0  0.6238244514106582  0.6222625787843179  0.13821601595896257  0.03632090588612338  
 0  0.19991450555713877  0.6286721504112809  0.1424907381020234  0.038457429761777615  
 0  0.1699914505557138  0.857280205106292  0.15388999715018525  0.038457429761777615  
 0  0.6273867198632088  0.8562119431684647  0.15958962667426627  0.04273047751308622  
