 0  0.2611855229410087  0.1474201474201474  0.11114277571957817  0.028843072321333194  
 0  0.5903391279566828  0.14101057579318446  0.1082929609575378  0.028843072321333176  
 0  0.4485608435451695  0.23662001922871487  0.12111712738671983  0.027774810383506023  
 0  0.6038757480763749  0.28255528255528256  0.11826731262467928  0.03632090588612327  
 0  0.6124251923624963  0.44813588291849155  0.13251638643488167  0.03204785813481463  
 0  0.45141065830720994  0.3941886550582202  0.12681675691080074  0.033116120072641815  
 0  0.6223995440296379  0.6308086742869351  0.14106583072100312  0.03632090588612324  
 0  0.1984895981761185  0.6377523768828117  0.13964092333998285  0.03738916782395049  
 0  0.16642918210316326  0.8668945625467365  0.14961527500712452  0.04486700138874046  
 0  0.6259618124821886  0.8652921696399956  0.165289256198347  0.04593526332656771  
