 0  0.2576232544884582  0.1452836235444931  0.11256768310059855  0.022433500694370247  
 0  0.592476489028213  0.13727165901078944  0.109717868338558  0.029911334259160344  
 0  0.4464234824736391  0.23715415019762845  0.1168424052436591  0.026706548445678872  
 0  0.6024508406953547  0.2809528896485418  0.11541749786263891  0.026706548445678872  
 0  0.6081504702194357  0.44386283516718295  0.12396694214876038  0.029911334259160396  
 0  0.4485608435451695  0.3931203931203931  0.1239669421487602  0.033116120072641815  
 0  0.19563978341407798  0.633479329131503  0.1367911085779424  0.03525264394829612  
 0  0.6202621829581076  0.6281380194423672  0.1424907381020233  0.03525264394829612  
 0  0.16072955257908225  0.864758038671082  0.15531490453120544  0.04273047751308622  
 0  0.6216870903391278  0.8626215147954277  0.15388999715018517  0.04273047751308622  
