 0  0.22841265317754336  0.14207883773101163  0.11399259048161864  0.02457002457002457  
 0  0.421487603305785  0.2355517572908877  0.12396694214876038  0.02563828650785172  
 0  0.427187232829866  0.3963251789338746  0.1296665716728413  0.02884307232133314  
 0  0.1735537190082644  0.6521739130434783  0.14391564548304367  0.03418438201046901  
 0  0.14149330293530912  0.8898621942100202  0.15958962667426616  0.04593526332656771  
 0  0.5689655172413792  0.1356692661040487  0.1082929609575378  0.028843072321333194  
 0  0.5832145910515816  0.28255528255528256  0.11969222000569965  0.02991133425916036  
 0  0.5960387574807636  0.45240893066980026  0.13109147905386148  0.03418438201046894  
 0  0.6067255628384154  0.640957162696293  0.14106583072100312  0.03525264394829612  
 0  0.6131376460530065  0.8823843606452302  0.15673981191222572  0.0416622155752591  
