 0  0.24052436591621537  0.137805789979703  0.10686805357651753  0.028843072321333194  
 0  0.4314619549729267  0.2334152334152334  0.12111712738671983  0.029911334259160326  
 0  0.43716158449700765  0.3925862621514795  0.1296665716728413  0.03418438201046901  
 0  0.17996580222285546  0.6436278175408611  0.14534055286406378  0.03632090588612324  
 0  0.1514676546024508  0.8781113128939215  0.15958962667426616  0.04379873945091334  
 0  0.6138500997435166  0.6350817220382439  0.14391564548304367  0.03632090588612324  
 0  0.6166999145055571  0.8738382651426129  0.15816471929324608  0.043798739450913476  
 0  0.6024508406953546  0.447601751949578  0.1296665716728413  0.03311612007264175  
 0  0.5889142205756625  0.27935049674180107  0.1168424052436591  0.03204785813481463  
 0  0.579652322599031  0.1335327422283944  0.11256768310059836  0.030979596196987515  
