 0  0.24693644913080642  0.13887405191753016  0.1168424052436591  0.026706548445678872  
 0  0.5853519521231119  0.13299861125948081  0.11256768310059836  0.02991133425916036  
 0  0.43573667711598735  0.2334152334152334  0.12396694214876038  0.029911334259160326  
 0  0.4400113992590481  0.39098386924473877  0.12681675691080074  0.030979596196987515  
 0  0.18424052436591615  0.6409571626962932  0.14819036762610424  0.03738916782395049  
 0  0.15075520091194064  0.8717017412669585  0.16101453405528643  0.04379873945091334  
 0  0.6174123681960672  0.8706334793291314  0.16243944143630662  0.048071787202221945  
 0  0.6152750071245368  0.6340134601004166  0.14676546024508405  0.038457429761777615  
 0  0.6031632943858648  0.4459993590428373  0.13109147905386165  0.03418438201046901  
 0  0.5946138500997434  0.27935049674180107  0.12254203476774002  0.03632090588612331  
