 0  0.2576232544884582  0.14207883773101163  0.10971786833855782  0.028843072321333176  
 0  0.5896266742661725  0.13620339707296228  0.11541749786263891  0.02777481038350604  
 0  0.4428612140210886  0.23288110244631985  0.11826731262467946  0.026706548445678872  
 0  0.4464234824736391  0.3893814763379981  0.12539184952978055  0.03632090588612331  
 0  0.19278996865203757  0.6313428052558487  0.14819036762610432  0.03952569169960473  
 0  0.15930464519806206  0.8626215147954277  0.15246508976916506  0.04700352526439483  
 0  0.5974636648617839  0.2782822348039739  0.1168424052436591  0.02991133425916036  
 0  0.6067255628384154  0.44386283516718295  0.1296665716728413  0.03204785813481463  
 0  0.6181248218865772  0.6292062813801945  0.14391564548304367  0.03952569169960473  
 0  0.6174123681960672  0.863689776733255  0.15673981191222572  0.0491400491400492  
