 0  0.22057566258193206  0.13513513513513514  0.11826731262467938  0.029911334259160344  
 0  0.5689655172413792  0.12765730157034505  0.11969222000569965  0.029911334259160344  
 0  0.4165004274722143  0.23234697147740624  0.11969222000569965  0.027774810383506023  
 0  0.5817896836705614  0.27935049674180107  0.12539184952978055  0.03845742976177758  
 0  0.5917640353377029  0.4508065377630595  0.13109147905386148  0.033116120072641815  
 0  0.6017383870048446  0.6393547697895523  0.14819036762610424  0.03632090588612324  
 0  0.16357936734112274  0.6505715201367375  0.14676546024508405  0.03525264394829612  
 0  0.42362496437731545  0.39205213118256593  0.12539184952978055  0.03525264394829612  
 0  0.6074380165289256  0.8829184916141437  0.15958962667426607  0.04700352526439483  
 0  0.13080649757765742  0.8903963251789339  0.16671416357936736  0.0491400491400492  
