 0  0.250498717583357  0.10629206281380192  0.115417497862639  0.02777481038350604  
 0  0.6074380165289256  0.10362140796923404  0.1168424052436591  0.028843072321333176  
 0  0.4485608435451695  0.2088452088452088  0.1239669421487602  0.032047858134814665  
 0  0.6145625534340267  0.26065591282982586  0.1225420347677402  0.03311612007264179  
 0  0.6216870903391278  0.4401239183847879  0.13394129381590186  0.03525264394829612  
 0  0.6266742661726986  0.6350817220382439  0.14676546024508405  0.04486700138874046  
 0  0.4492732972356796  0.37816472599081297  0.13109147905386148  0.03525264394829612  
 0  0.17854089484183525  0.6350817220382439  0.14819036762610424  0.04273047751308622  
 0  0.13864348817326871  0.8781113128939215  0.15958962667426627  0.04593526332656771  
 0  0.6238244514106582  0.8823843606452302  0.16386434881732698  0.04379873945091334  
