 0  0.2455115417497862  0.10575793184488837  0.11969222000569955  0.028843072321333194  
 0  0.6060131091479053  0.10522380087597477  0.11969222000569965  0.029911334259160344  
 0  0.4449985750926189  0.21098173272086315  0.12824166429182093  0.03204785813481463  
 0  0.6145625534340267  0.2627924367054802  0.12824166429182093  0.03097959619698748  
 0  0.6181248218865772  0.4433287041982694  0.13251638643488184  0.033116120072641815  
 0  0.4449985750926189  0.38136951180429435  0.12824166429182093  0.03525264394829612  
 0  0.6266742661726987  0.6420254246341202  0.1496152750071246  0.04166221557525897  
 0  0.17212881162724417  0.6420254246341202  0.14961527500712452  0.03952569169960473  
 0  0.13508121972071807  0.8871915393654524  0.1638643488173268  0.04486700138874046  
 0  0.6216870903391278  0.891464587116761  0.16243944143630662  0.04700352526439483  
