 0  0.26759760615559974  0.14368123063775237  0.109717868338558  0.027774810383506057  
 0  0.6088629239099458  0.13406687319730798  0.1168424052436591  0.029911334259160344  
 0  0.4542604730692504  0.23715415019762845  0.12111712738671983  0.028843072321333176  
 0  0.4542604730692504  0.399529964747356  0.1296665716728413  0.030979596196987445  
 0  0.1956397834140781  0.6489691272299968  0.13964092333998296  0.038457429761777615  
 0  0.6216870903391278  0.45721610939002233  0.13679110857794258  0.033116120072641815  
 0  0.6159874608150469  0.28469180643093683  0.12539184952978055  0.03204785813481463  
 0  0.6266742661726987  0.6484349962610831  0.1496152750071246  0.0416622155752591  
 0  0.6238244514106582  0.8909304561478474  0.15816471929324588  0.045935263326567576  
 0  0.15502992305500138  0.8850550154897979  0.16101453405528643  0.04273047751308622  
