 0  0.40795098318609285  0.0827903001816045  0.09404388714733543  0.03204785813481465  
 0  0.41721288116272437  0.19068475590214717  0.09831860929039615  0.03418438201046897  
 0  0.4193502422342547  0.29003311612007265  0.0968937019093758  0.032047858134814665  
 0  0.4286121402108863  0.38350603567994873  0.0954687945283556  0.033116120072641815  
 0  0.43716158449700754  0.4796496100843926  0.09261897976631524  0.033116120072641815  
 0  0.43716158449700754  0.5704518747997008  0.0954687945283556  0.028843072321333207  
 0  0.4464234824736392  0.6607200085460955  0.0883442576232545  0.027774810383506023  
 0  0.4471359361641493  0.7525905351992309  0.08691935024223432  0.027774810383506023  
 0  0.4585351952123111  0.839653883132144  0.08976916500427469  0.026706548445678904  
 0  0.46352237104588195  0.9245807071894028  0.0883442576232545  0.025638286507851653  
 0  0.7948133371330862  0.09026813374639461  0.09546879452835579  0.032047858134814665  
 0  0.7926759760615559  0.1853434462130114  0.0883442576232545  0.029911334259160326  
 0  0.7948133371330862  0.27935049674180107  0.09261897976631506  0.03204785813481463  
 0  0.7955257908235963  0.3744258092084179  0.09119407238529488  0.02563828650785172  
 0  0.7983756055856368  0.46629633586155317  0.08549444286121395  0.0320478581348147  
 0  0.7983756055856368  0.5619057792970836  0.09404388714733543  0.030979596196987515  
 0  0.7969506982046166  0.6457643414165153  0.09119407238529505  0.029911334259160396  
 0  0.799800512966657  0.7322935583805148  0.08549444286121413  0.025638286507851653  
 0  0.8047876888002279  0.8193569063134281  0.08976916500427469  0.026706548445678904  
 0  0.8047876888002279  0.9112274329665633  0.08976916500427469  0.026706548445678904  
