 0  0.4058136221145624  0.0833244311505181  0.0954687945283556  0.030979596196987497  
 0  0.41578797378170407  0.19175301783997437  0.10401823881447708  0.032047858134814665  
 0  0.4136506127101738  0.2878965922444183  0.10259333143345689  0.03418438201046894  
 0  0.4257623254488458  0.3808353808353808  0.09831860929039615  0.03204785813481463  
 0  0.43644913080649755  0.4785813481465655  0.09974351667141634  0.03525264394829612  
 0  0.43502422342547725  0.5672470889862193  0.09404388714733543  0.030979596196987515  
 0  0.439298945568538  0.6585834846704413  0.09404388714733543  0.027774810383506023  
 0  0.4407238529495582  0.7515222732614036  0.09119407238529505  0.029911334259160396  
 0  0.4556853804502707  0.8364490973186625  0.09261897976631524  0.026706548445678904  
 0  0.4563978341407808  0.9208417904070076  0.08549444286121395  0.026706548445678772  
 0  0.7898261612995154  0.09187052665313536  0.09689370190937598  0.030979596196987497  
 0  0.7848389854659445  0.18534344621301138  0.08976916500427469  0.032047858134814665  
 0  0.7898261612995154  0.2788163657728875  0.09404388714733543  0.03311612007264179  
 0  0.7919635223710457  0.37335754727059073  0.0954687945283556  0.027774810383506023  
 0  0.7933884297520659  0.46309155004807173  0.09261897976631524  0.027774810383506023  
 0  0.7919635223710457  0.5570986005768614  0.09261897976631524  0.03204785813481463  
 0  0.7905386149900255  0.6441619485097745  0.09261897976631524  0.033116120072641884  
 0  0.7948133371330862  0.7285546415981199  0.08976916500427469  0.024570024570024534  
 0  0.8026503277286975  0.8172203824377736  0.08549444286121395  0.02884307232133314  
 0  0.8005129666571671  0.9069543852152547  0.08691935024223432  0.026706548445678904  
