 0  0.30749501282416636  0.08385856211943166  0.10116842405243652  0.03204785813481465  
 0  0.33385579937304066  0.18801410105757932  0.09689370190937598  0.03311612007264179  
 0  0.3459675121117126  0.2862941993376776  0.09831860929039615  0.03525264394829612  
 0  0.36947848389854643  0.37763059502189933  0.09404388714733543  0.027774810383506023  
 0  0.3929894556853803  0.471637645550689  0.08976916500427469  0.027774810383506023  
 0  0.4043887147335422  0.56137164832817  0.0954687945283556  0.029911334259160396  
 0  0.42576232544884574  0.6495032581989104  0.0954687945283556  0.030979596196987515  
 0  0.4343117697349672  0.7413737848520455  0.09261897976631524  0.030979596196987515  
 0  0.4592476489028212  0.8246982160025638  0.09404388714733525  0.033116120072641884  
 0  0.4749216300940438  0.908022647153082  0.09404388714733525  0.03311612007264175  
 0  0.6929324593901395  0.06035679948723426  0.0968937019093758  0.03418438201046897  
 0  0.7029068110572811  0.15382971904711035  0.09119407238529505  0.037389167823950444  
 0  0.7164434311769734  0.24730263860698642  0.08691935024223432  0.03418438201046894  
 0  0.732829866058706  0.33970729622903534  0.0883442576232545  0.02884307232133314  
 0  0.7449415787973781  0.4294412990065163  0.08976916500427487  0.033116120072641815  
 0  0.7556283841550298  0.5261190043798739  0.08549444286121395  0.029911334259160396  
 0  0.7663151895126816  0.6115799594060463  0.08976916500427469  0.029911334259160396  
 0  0.7805642633228839  0.6943702595876509  0.08976916500427469  0.033116120072641884  
 0  0.8019378740381874  0.781433607520564  0.08976916500427487  0.03418438201046901  
 0  0.8104873183243088  0.8700993483602179  0.08691935024223432  0.03418438201046887  
