 0  0.2633228840125391  0.147954278389061  0.11826731262467928  0.029911334259160344  
 0  0.6110002849814761  0.14154470676209807  0.11826731262467946  0.032047858134814665  
 0  0.4542604730692504  0.24943916248264072  0.1239669421487602  0.03204785813481463  
 0  0.6166999145055571  0.2969768187159491  0.1296665716728413  0.03525264394829609  
 0  0.6216870903391278  0.471637645550689  0.13109147905386148  0.03632090588612324  
 0  0.4542604730692504  0.41501976284584974  0.1296665716728413  0.03632090588612331  
 0  0.18352807067540602  0.6692661040487127  0.14106583072100304  0.038457429761777615  
 0  0.6273867198632088  0.67033436598654  0.1481903676261044  0.04273047751308622  
 0  0.6223995440296379  0.9192393975002671  0.16101453405528643  0.0491400491400492  
 0  0.14363066400683955  0.9122956949043904  0.16101453405528643  0.04593526332656771  
