 0  0.4051011684240524  0.08599508599508598  0.09974351667141634  0.03418438201046896  
 0  0.4179253348532344  0.19549193462236938  0.09689370190937598  0.03738916782395043  
 0  0.4186377885437446  0.2927037709646405  0.0954687945283556  0.03311612007264185  
 0  0.42576232544884574  0.3872449524623437  0.1011684240524367  0.03204785813481463  
 0  0.43644913080649744  0.4828543958978741  0.09404388714733543  0.030979596196987515  
 0  0.43787403818751763  0.5747249225510094  0.09404388714733543  0.028843072321333207  
 0  0.4435736677115987  0.6655271872663175  0.09689370190937598  0.03311612007264175  
 0  0.4464234824736391  0.7568635829505393  0.09119407238529505  0.029911334259160396  
 0  0.4585351952123111  0.8455293237901933  0.08976916500427469  0.03204785813481463  
 0  0.4613850099743515  0.9315244097852793  0.08976916500427469  0.02884307232133314  
 0  0.7955257908235964  0.09400705052878966  0.09404388714733543  0.03525264394829611  
 0  0.7919635223710457  0.18854823202649287  0.09261897976631524  0.03204785813481463  
 0  0.7976631518951267  0.2841576754620233  0.09261897976631524  0.03311612007264179  
 0  0.7983756055856369  0.37816472599081286  0.09119407238529488  0.028843072321333207  
 0  0.7990880592761469  0.468966990706121  0.08976916500427469  0.033116120072641815  
 0  0.7976631518951268  0.564042303172738  0.08976916500427469  0.033116120072641815  
 0  0.7983756055856369  0.6505715201367374  0.09119407238529488  0.030979596196987515  
 0  0.8005129666571672  0.7371007371007371  0.0954687945283556  0.026706548445678904  
 0  0.8062125961812481  0.8252323469714774  0.08976916500427469  0.027774810383506023  
 0  0.8055001424907379  0.9171028736246128  0.09119407238529488  0.027774810383506023  
