 0  0.40937589056711304  0.08385856211943166  0.09404388714733543  0.03204785813481465  
 0  0.4186377885437445  0.19282127977780147  0.10116842405243652  0.03418438201046897  
 0  0.4200626959247648  0.2921696399957269  0.0954687945283556  0.032047858134814665  
 0  0.43074950128241657  0.3840401666488622  0.09404388714733543  0.0320478581348147  
 0  0.439298945568538  0.48018374105330625  0.09404388714733543  0.029911334259160326  
 0  0.43716158449700754  0.5731225296442687  0.0954687945283556  0.027774810383506023  
 0  0.4464234824736391  0.6644589253284906  0.09119407238529505  0.024570024570024534  
 0  0.445711028783129  0.7552611900437988  0.08976916500427487  0.030979596196987515  
 0  0.4563978341407808  0.8439269308834526  0.08264462809917358  0.026706548445678904  
 0  0.4585351952123111  0.9277854930028843  0.08976916500427469  0.025638286507851653  
 0  0.7933884297520659  0.09187052665313536  0.09261897976631524  0.028843072321333194  
 0  0.7933884297520659  0.18694583911975213  0.09261897976631524  0.03097959619698748  
 0  0.7962382445141064  0.2814870206174554  0.08976916500427469  0.0320478581348147  
 0  0.7969506982046166  0.3765623330840721  0.09119407238529505  0.029911334259160326  
 0  0.8005129666571671  0.4668304668304668  0.08976916500427469  0.028843072321333207  
 0  0.7962382445141064  0.5629740412349108  0.08976916500427469  0.030979596196987515  
 0  0.7962382445141064  0.6484349962610831  0.08976916500427469  0.030979596196987515  
 0  0.8005129666571671  0.7338959512872556  0.08691935024223432  0.024570024570024666  
 0  0.8062125961812481  0.8246982160025638  0.08691935024223432  0.024570024570024666  
 0  0.8055001424907379  0.9155004807178719  0.09119407238529488  0.026706548445678904  
