 0  0.4065260758050726  0.08759747890182672  0.09974351667141634  0.03525264394829611  
 0  0.42148760330578505  0.19335541074671508  0.09831860929039615  0.03525264394829612  
 0  0.4186377885437446  0.2921696399957269  0.09261897976631524  0.03632090588612327  
 0  0.4300370475919065  0.38671082149343017  0.1011684240524367  0.03738916782395049  
 0  0.43858649187802784  0.48125200299113335  0.09546879452835579  0.03204785813481463  
 0  0.43573667711598735  0.5720542677064415  0.09261897976631524  0.029911334259160326  
 0  0.4449985750926189  0.6644589253284905  0.09404388714733543  0.026706548445678904  
 0  0.4449985750926189  0.7579318448883666  0.09119407238529505  0.02991133425916026  
 0  0.45568538045027057  0.844461061852366  0.08976916500427469  0.027774810383506023  
 0  0.4599601025933313  0.9299220168785385  0.08976916500427469  0.03204785813481463  
 0  0.7962382445141065  0.09240465762204891  0.09261897976631524  0.03204785813481465  
 0  0.793388429752066  0.18641170815083857  0.08691935024223432  0.03204785813481463  
 0  0.7962382445141065  0.2814870206174554  0.09261897976631524  0.0320478581348147  
 0  0.8005129666571671  0.37709646405298575  0.08976916500427469  0.033116120072641815  
 0  0.7990880592761469  0.4678987287682939  0.08976916500427469  0.03525264394829612  
 0  0.8005129666571672  0.5640423031727378  0.09261897976631524  0.030979596196987515  
 0  0.8005129666571672  0.6516397820745646  0.09261897976631524  0.03097959619698738  
 0  0.8012254203476773  0.7376348680696507  0.08549444286121395  0.02991133425916026  
 0  0.8104873183243088  0.8257664779403908  0.08406953548019377  0.02884307232133314  
 0  0.8083499572527785  0.9176370045935263  0.08549444286121395  0.02884307232133314  
