 0  0.4079509831860928  0.0881316098707403  0.09974351667141634  0.03418438201046895  
 0  0.4186377885437445  0.19549193462236938  0.10116842405243652  0.03525264394829612  
 0  0.4222000569962951  0.2932379019335541  0.09404388714733543  0.0320478581348147  
 0  0.43146195497292666  0.3861766905245166  0.0954687945283556  0.03204785813481463  
 0  0.43787403818751774  0.4828543958978741  0.09689370190937598  0.03525264394829612  
 0  0.4400113992590481  0.5763273154577502  0.0954687945283556  0.027774810383506092  
 0  0.44428612140210877  0.6671295801730585  0.09831860929039615  0.027774810383506023  
 0  0.7983756055856369  0.09507531246661681  0.09119407238529488  0.0331161200726418  
 0  0.794100883442576  0.19121888687106078  0.09404388714733543  0.030979596196987515  
 0  0.7976631518951268  0.2830894135241961  0.08976916500427469  0.03097959619698748  
 0  0.7983756055856369  0.37816472599081286  0.09119407238529488  0.033116120072641815  
 0  0.8005129666571672  0.4705693836128619  0.0954687945283556  0.03204785813481463  
 0  0.7990880592761469  0.5645764341416515  0.09261897976631506  0.027774810383506023  
 0  0.7998005129666571  0.6527080440123919  0.09404388714733543  0.030979596196987515  
 0  0.8012254203476772  0.7381689990385641  0.0883442576232545  0.026706548445678904  
 0  0.44499857509261886  0.7600683687640208  0.0883442576232545  0.027774810383506023  
 0  0.4592476489028212  0.8471317166969341  0.09119407238529488  0.026706548445678904  
 0  0.8076375035622684  0.8289712637538723  0.08691935024223414  0.02884307232133314  
 0  0.4585351952123111  0.93312680269202  0.09261897976631506  0.03204785813481463  
 0  0.8083499572527785  0.9208417904070076  0.09404388714733543  0.026706548445678772  
