 0  0.4150755200911941  0.09080226471530818  0.09974351667141634  0.030979596196987515  
 0  0.4264747791393559  0.1970943275291101  0.09974351667141634  0.03418438201046897  
 0  0.42362496437731534  0.2964426877470355  0.09689370190937598  0.03418438201046897  
 0  0.43573667711598735  0.38884734536908444  0.0954687945283556  0.02884307232133314  
 0  0.4435736677115987  0.485525050742442  0.09974351667141634  0.029911334259160326  
 0  0.44214876033057837  0.5795321012712317  0.09404388714733543  0.03418438201046894  
 0  0.44998575092618975  0.6724708898621942  0.09261897976631524  0.03418438201046901  
 0  0.4485608435451695  0.7648755474842429  0.08976916500427469  0.030979596196987515  
 0  0.457822741521801  0.8524730263860698  0.0883442576232545  0.024570024570024666  
 0  0.4620974636648617  0.9373998504433287  0.08834425762325433  0.025638286507851785  
 0  0.8055001424907381  0.09614357440444396  0.09404388714733543  0.030979596196987497  
 0  0.8104873183243088  0.9277854930028843  0.08691935024223432  0.027774810383506023  
 0  0.8133371330863491  0.8353808353808353  0.08691935024223414  0.026706548445678904  
 0  0.8069250498717583  0.7429761777587864  0.0883442576232545  0.025638286507851785  
 0  0.8026503277286975  0.6585834846704411  0.09119407238529505  0.029911334259160396  
 0  0.8076375035622684  0.4721717765196025  0.08976916500427487  0.026706548445678838  
 0  0.8047876888002279  0.5683153509240466  0.09261897976631506  0.026706548445678838  
 0  0.8083499572527786  0.3829719047110351  0.0883442576232545  0.029911334259160396  
 0  0.8055001424907381  0.28682833030659116  0.09404388714733543  0.02991133425916036  
 0  0.8026503277286975  0.19335541074671508  0.09404388714733543  0.030979596196987515  
