 0  0.40795098318609285  0.09026813374639461  0.09404388714733543  0.032047858134814665  
 0  0.4150755200911941  0.19656019656019655  0.09974351667141634  0.03525264394829612  
 0  0.4150755200911941  0.295908556778122  0.09974351667141634  0.03311612007264179  
 0  0.42647477913935583  0.38884734536908444  0.09404388714733543  0.030979596196987515  
 0  0.433599316044457  0.48392265783570126  0.0883442576232545  0.028843072321333207  
 0  0.43146195497292666  0.5747249225510094  0.0954687945283556  0.028843072321333207  
 0  0.43858649187802784  0.668731973079799  0.08976916500427469  0.02884307232133314  
 0  0.4428612140210886  0.7606024997329345  0.09261897976631506  0.02884307232133314  
 0  0.4528355656882302  0.8487341096036748  0.08976916500427469  0.02991133425916026  
 0  0.4528355656882302  0.93312680269202  0.08976916500427469  0.025638286507851653  
 0  0.8019378740381874  0.9224441833137484  0.08691935024223414  0.023501762632197415  
 0  0.8019378740381874  0.8284371327849589  0.08976916500427487  0.027774810383506023  
 0  0.7983756055856369  0.7403055229142186  0.09689370190937598  0.028843072321333277  
 0  0.7948133371330862  0.6543104369191325  0.08976916500427469  0.03204785813481463  
 0  0.793388429752066  0.5672470889862193  0.08691935024223432  0.030979596196987515  
 0  0.7941008834425761  0.47270590748851615  0.0883442576232545  0.03204785813481463  
 0  0.7955257908235963  0.38136951180429435  0.0883442576232545  0.030979596196987515  
 0  0.7926759760615558  0.2873624612755047  0.0968937019093758  0.03097959619698748  
 0  0.7905386149900255  0.19388954171562867  0.08691935024223432  0.032047858134814665  
 0  0.7905386149900255  0.09828009828009827  0.10116842405243652  0.03525264394829612  
