 0  0.4079509831860928  0.08706334793291315  0.09689370190937598  0.03204785813481465  
 0  0.4186377885437446  0.1949578036534558  0.0954687945283556  0.03632090588612327  
 0  0.4186377885437446  0.29323790193355403  0.09261897976631524  0.03418438201046897  
 0  0.4293245939013964  0.3872449524623437  0.0968937019093758  0.029911334259160326  
 0  0.43716158449700754  0.48338852686678774  0.0954687945283556  0.03418438201046894  
 0  0.43502422342547725  0.574190791582096  0.09404388714733543  0.0320478581348147  
 0  0.4435736677115987  0.6671295801730585  0.09689370190937598  0.02991133425916026  
 0  0.44214876033057837  0.7590001068261938  0.09404388714733543  0.029911334259160396  
 0  0.45782274152180097  0.8487341096036748  0.09404388714733543  0.03204785813481463  
 0  0.457822741521801  0.9325926717231063  0.09119407238529488  0.028843072321333277  
 0  0.7976631518951268  0.09454118149770321  0.09831860929039615  0.029911334259160344  
 0  0.7933884297520659  0.18801410105757932  0.0954687945283556  0.03097959619698748  
 0  0.7955257908235963  0.2841576754620233  0.09119407238529488  0.03525264394829612  
 0  0.8005129666571671  0.37816472599081286  0.08976916500427469  0.033116120072641815  
 0  0.7990880592761469  0.4705693836128619  0.09546879452835579  0.03204785813481463  
 0  0.7990880592761469  0.5667129580173058  0.09546879452835579  0.03418438201046894  
 0  0.799800512966657  0.6527080440123919  0.0883442576232545  0.030979596196987515  
 0  0.8047876888002279  0.7408396538831322  0.09546879452835579  0.027774810383506023  
 0  0.8097748646337987  0.8300395256916995  0.0883442576232545  0.028843072321333277  
 0  0.8090624109432886  0.9224441833137486  0.08691935024223432  0.02991133425916026  
