 0  0.4079509831860928  0.08439269308834525  0.09689370190937598  0.033116120072641815  
 0  0.4200626959247648  0.19228714880888792  0.1011684240524367  0.033116120072641815  
 0  0.41721288116272437  0.29110137805789976  0.09546879452835579  0.03418438201046897  
 0  0.43074950128241657  0.3851084285866894  0.09404388714733543  0.03418438201046901  
 0  0.43787403818751763  0.48018374105330625  0.09404388714733543  0.027774810383506023  
 0  0.43573667711598735  0.5736566606131823  0.08691935024223414  0.033116120072641815  
 0  0.4471359361641493  0.663924794359577  0.08976916500427469  0.027774810383506023  
 0  0.4464234824736391  0.7568635829505393  0.09119407238529505  0.029911334259160396  
 0  0.4592476489028212  0.8455293237901933  0.09689370190937598  0.029911334259160396  
 0  0.46280991735537186  0.9304561478474521  0.08976916500427469  0.02884307232133314  
 0  0.7955257908235964  0.09080226471530818  0.09404388714733543  0.026706548445678872  
 0  0.7941008834425761  0.18534344621301138  0.0883442576232545  0.03418438201046897  
 0  0.7976631518951268  0.2798846277107146  0.08976916500427469  0.03097959619698748  
 0  0.7990880592761469  0.3749599401773315  0.08976916500427469  0.03311612007264175  
 0  0.8019378740381874  0.4657622048926397  0.08976916500427487  0.033116120072641815  
 0  0.8012254203476772  0.56137164832817  0.0883442576232545  0.029911334259160396  
 0  0.8019378740381874  0.6484349962610831  0.08976916500427487  0.033116120072641884  
 0  0.8047876888002279  0.7349642132250827  0.08691935024223432  0.02884307232133314  
 0  0.811199772014819  0.8236299540647366  0.0883442576232545  0.02884307232133314  
 0  0.8090624109432886  0.9181711355624398  0.08691935024223432  0.02991133425916026  
