 0  0.4129381590196637  0.09347291955987606  0.0954687945283556  0.03418438201046895  
 0  0.42291251068680524  0.19923085140476443  0.09831860929039615  0.03418438201046894  
 0  0.42291251068680524  0.29857921162268986  0.09546879452835579  0.03204785813481463  
 0  0.4300370475919065  0.39205213118256593  0.08976916500427487  0.030979596196987515  
 0  0.4407238529495582  0.48766157461809634  0.09119407238529505  0.0320478581348147  
 0  0.43787403818751774  0.5795321012712317  0.0883442576232545  0.02563828650785172  
 0  0.445711028783129  0.6714026279243669  0.08976916500427487  0.02991133425916026  
 0  0.44357366771159873  0.7648755474842431  0.09404388714733543  0.02884307232133314  
 0  0.4556853804502707  0.8524730263860699  0.09261897976631524  0.030979596196987515  
 0  0.457822741521801  0.939536374318983  0.0883442576232545  0.027774810383506023  
 0  0.799800512966657  0.10041662215575257  0.09689370190937598  0.030979596196987497  
 0  0.8005129666571672  0.19549193462236938  0.09261897976631524  0.030979596196987515  
 0  0.8012254203476773  0.29163550902681334  0.0968937019093758  0.033116120072641815  
 0  0.8033627814192077  0.38457429761777584  0.08976916500427469  0.02884307232133314  
 0  0.7998005129666571  0.4764448242709111  0.09404388714733543  0.026706548445678838  
 0  0.799800512966657  0.571520136737528  0.0883442576232545  0.02884307232133314  
 0  0.8012254203476773  0.6601858775771818  0.09119407238529505  0.033116120072641884  
 0  0.8019378740381874  0.7461809635722679  0.08691935024223414  0.02991133425916026  
 0  0.8090624109432886  0.8369832282875761  0.08976916500427469  0.03204785813481463  
 0  0.8062125961812481  0.9304561478474521  0.08976916500427469  0.026706548445678904  
