 0  0.41008834425762314  0.09881422924901186  0.0954687945283556  0.029911334259160344  
 0  0.42291251068680524  0.2045721610939002  0.09831860929039615  0.02991133425916036  
 0  0.4200626959247648  0.3001816045294306  0.09831860929039597  0.03311612007264179  
 0  0.4300370475919065  0.3931203931203931  0.09261897976631524  0.033116120072641815  
 0  0.43787403818751774  0.48926396752483703  0.09119407238529488  0.030979596196987515  
 0  0.43573667711598735  0.578997970302318  0.08976916500427487  0.033116120072641815  
 0  0.4428612140210886  0.6714026279243669  0.09261897976631506  0.02991133425916026  
 0  0.4421487603305785  0.7616707616707616  0.09119407238529488  0.02884307232133314  
 0  0.45283556568823013  0.849802371541502  0.0954687945283556  0.029911334259160396  
 0  0.45069820461669985  0.9363315885055015  0.09119407238529505  0.029911334259160396  
 0  0.7962382445141064  0.10682619378271552  0.08976916500427469  0.03525264394829612  
 0  0.7905386149900255  0.20190150624933234  0.09261897976631524  0.03097959619698748  
 0  0.7955257908235963  0.29484029484029484  0.0883442576232545  0.028843072321333207  
 0  0.7948133371330862  0.38777908343125733  0.08976916500427469  0.026706548445678838  
 0  0.7955257908235963  0.47804721717765186  0.0883442576232545  0.027774810383506092  
 0  0.7919635223710457  0.5736566606131823  0.08976916500427487  0.028843072321333207  
 0  0.7933884297520659  0.6585834846704411  0.09261897976631524  0.03204785813481463  
 0  0.7962382445141065  0.7451127016344407  0.08691935024223414  0.027774810383506023  
 0  0.8019378740381874  0.8337784424740946  0.08406953548019377  0.025638286507851653  
 0  0.8005129666571672  0.9235124452515755  0.09261897976631524  0.03418438201046901  
