 0  0.41293815901966363  0.09293878859096251  0.09831860929039615  0.0331161200726418  
 0  0.42433741806782554  0.19869672043585085  0.0954687945283556  0.03311612007264179  
 0  0.42220005699629515  0.2969768187159491  0.09974351667141634  0.03525264394829609  
 0  0.4321744086634367  0.38991560730691166  0.09404388714733543  0.03525264394829612  
 0  0.439298945568538  0.4865933126802691  0.09404388714733543  0.029911334259160326  
 0  0.4407238529495582  0.5773955773955773  0.09404388714733543  0.03204785813481463  
 0  0.4442861214021088  0.667663711141972  0.09261897976631524  0.026706548445678904  
 0  0.4435736677115987  0.7622048926396751  0.09689370190937598  0.027774810383506023  
 0  0.4556853804502707  0.8492682405725883  0.09261897976631524  0.026706548445678904  
 0  0.457822741521801  0.9357974575365878  0.09119407238529488  0.024570024570024534  
 0  0.7983756055856369  0.10095075312466617  0.09689370190937598  0.03418438201046895  
 0  0.7969506982046166  0.1949578036534558  0.0968937019093758  0.03418438201046897  
 0  0.8005129666571672  0.28896485418224543  0.09261897976631524  0.027774810383506023  
 0  0.8012254203476773  0.3829719047110351  0.09119407238529505  0.03204785813481463  
 0  0.8033627814192077  0.47270590748851615  0.08976916500427469  0.029911334259160326  
 0  0.8005129666571672  0.5709860057686145  0.09261897976631524  0.03204785813481463  
 0  0.799800512966657  0.6559128298258733  0.0883442576232545  0.03097959619698738  
 0  0.8026503277286975  0.7424420467898728  0.09119407238529505  0.026706548445678904  
 0  0.8090624109432885  0.8337784424740946  0.08406953548019377  0.029911334259160396  
 0  0.8062125961812481  0.926717231065057  0.08691935024223432  0.02991133425916026  
