 0  0.4179253348532344  0.08919987180856746  0.09974351667141634  0.03632090588612327  
 0  0.4300370475919065  0.19762845849802368  0.09831860929039597  0.03525264394829612  
 0  0.42576232544884574  0.2964426877470355  0.0954687945283556  0.03204785813481463  
 0  0.43716158449700754  0.3893814763379981  0.0954687945283556  0.03418438201046894  
 0  0.4428612140210886  0.4860591817113556  0.09546879452835579  0.033116120072641815  
 0  0.44357366771159873  0.5779297083644909  0.09404388714733543  0.030979596196987515  
 0  0.45069820461669985  0.6708684969554533  0.09119407238529505  0.030979596196987515  
 0  0.45069820461669985  0.7632731545775023  0.0968937019093758  0.029911334259160396  
 0  0.4613850099743516  0.8519388954171563  0.09261897976631524  0.03204785813481477  
 0  0.4606725562838415  0.9400705052878966  0.09404388714733543  0.030979596196987515  
 0  0.8083499572527785  0.09614357440444396  0.09404388714733543  0.033116120072641815  
 0  0.8055001424907379  0.19228714880888792  0.09119407238529488  0.026706548445678872  
 0  0.8076375035622684  0.2873624612755047  0.0954687945283556  0.03525264394829609  
 0  0.8083499572527785  0.3808353808353808  0.09119407238529505  0.03204785813481463  
 0  0.8097748646337987  0.4748424313641705  0.09119407238529488  0.027774810383506023  
 0  0.8062125961812481  0.5693836128618737  0.09261897976631524  0.03525264394829612  
 0  0.8047876888002279  0.6580493537015276  0.08976916500427469  0.028843072321333277  
 0  0.8076375035622684  0.7440444396966136  0.08691935024223414  0.025638286507851653  
 0  0.8154744941578798  0.8364490973186625  0.09119407238529488  0.03097959619698738  
 0  0.8140495867768593  0.9288537549407114  0.09119407238529488  0.029911334259160396  
