 0  0.39085209461385  0.08118790727486379  0.09974351667141634  0.03311612007264181  
 0  0.402963807352522  0.19335541074671508  0.10401823881447708  0.033116120072641815  
 0  0.4008264462809917  0.2937720329024677  0.09974351667141634  0.03738916782395043  
 0  0.41222570532915354  0.3931203931203931  0.10259333143345671  0.033116120072641815  
 0  0.4179253348532344  0.4908663604315778  0.09689370190937598  0.029911334259160396  
 0  0.4179253348532344  0.5864758038671081  0.09974351667141634  0.033116120072641815  
 0  0.42433741806782543  0.6810169853648114  0.08976916500427469  0.027774810383506023  
 0  0.42362496437731534  0.7766264288003417  0.09689370190937598  0.030979596196987515  
 0  0.433599316044457  0.8679628244845635  0.0883442576232545  0.027774810383506023  
 0  0.43573667711598735  0.9550261724174768  0.0954687945283556  0.030979596196987515  
 0  0.7969506982046166  0.08492682405725883  0.10259333143345689  0.03418438201046897  
 0  0.7948133371330862  0.18427518427518427  0.09831860929039615  0.03418438201046897  
 0  0.7955257908235963  0.28308941352419614  0.09689370190937598  0.033116120072641815  
 0  0.7976631518951268  0.3829719047110351  0.09831860929039615  0.03204785813481463  
 0  0.7976631518951267  0.48018374105330625  0.0954687945283556  0.029911334259160326  
 0  0.7969506982046166  0.578997970302318  0.09404388714733543  0.030979596196987515  
 0  0.7955257908235963  0.6703343659865398  0.09689370190937598  0.029911334259160396  
 0  0.7976631518951267  0.7611366307018481  0.09261897976631524  0.02991133425916026  
 0  0.8033627814192077  0.8567460741373784  0.09261897976631524  0.026706548445678904  
 0  0.7998005129666571  0.9518213866039953  0.09404388714733543  0.024570024570024534  
