 0  0.4001139925904816  0.08011964533703662  0.09831860929039615  0.035252643948296115  
 0  0.40937589056711304  0.19121888687106078  0.09974351667141652  0.03525264394829612  
 0  0.40866343687660295  0.2927037709646405  0.1011684240524367  0.03738916782395046  
 0  0.4179253348532344  0.3893814763379981  0.09974351667141634  0.038457429761777545  
 0  0.4257623254488458  0.4897980984937506  0.09831860929039615  0.0320478581348147  
 0  0.42220005699629515  0.5832710180536267  0.09974351667141634  0.03311612007264175  
 0  0.4293245939013964  0.6778121995513299  0.09404388714733543  0.03204785813481463  
 0  0.4293245939013964  0.7723533810490332  0.09404388714733543  0.02884307232133314  
 0  0.4414363066400683  0.8631556457643413  0.09261897976631524  0.02884307232133314  
 0  0.4414363066400684  0.9523555175729089  0.08976916500427469  0.027774810383506023  
 0  0.8040752351097179  0.08439269308834525  0.09974351667141634  0.03525264394829612  
 0  0.8026503277286975  0.18374105330627066  0.09974351667141634  0.033116120072641815  
 0  0.8019378740381874  0.2836235444931097  0.0954687945283556  0.032047858134814665  
 0  0.8033627814192077  0.3835060356799487  0.10116842405243652  0.030979596196987515  
 0  0.8047876888002279  0.47804721717765186  0.09546879452835579  0.029911334259160326  
 0  0.8012254203476773  0.5784638393334045  0.09404388714733543  0.03418438201046894  
 0  0.7990880592761469  0.6703343659865398  0.09546879452835579  0.03204785813481463  
 0  0.8012254203476772  0.7600683687640208  0.0883442576232545  0.029911334259160396  
 0  0.8069250498717583  0.8535412883238969  0.0968937019093758  0.028843072321333277  
 0  0.8047876888002279  0.9502189936972544  0.09261897976631506  0.02991133425916026  
