 0  0.39583927044742084  0.08439269308834525  0.10116842405243652  0.03525264394829612  
 0  0.4058136221145625  0.19282127977780147  0.09831860929039615  0.03632090588612327  
 0  0.4072385294955827  0.29323790193355403  0.09831860929039615  0.03418438201046897  
 0  0.4165004274722143  0.39151800021365235  0.09974351667141634  0.0320478581348147  
 0  0.42291251068680524  0.4887298365559235  0.09831860929039615  0.03204785813481463  
 0  0.42148760330578505  0.5838051490225402  0.09831860929039615  0.029911334259160326  
 0  0.4300370475919065  0.6778121995513299  0.0954687945283556  0.029911334259160396  
 0  0.42576232544884574  0.7718192500801195  0.10401823881447708  0.03204785813481463  
 0  0.4400113992590481  0.8626215147954277  0.0954687945283556  0.03204785813481463  
 0  0.43929894556853794  0.9523555175729089  0.09119407238529488  0.027774810383506023  
 0  0.8005129666571671  0.08759747890182672  0.10116842405243652  0.03525264394829611  
 0  0.7948133371330862  0.18694583911975213  0.09831860929039615  0.03738916782395043  
 0  0.7976631518951267  0.2830894135241961  0.0954687945283556  0.03097959619698748  
 0  0.7976631518951268  0.381903642773208  0.09831860929039615  0.0320478581348147  
 0  0.8005129666571671  0.47751308620873834  0.09831860929039615  0.030979596196987515  
 0  0.8005129666571671  0.5773955773955773  0.09831860929039615  0.03204785813481463  
 0  0.7990880592761469  0.6681978421108854  0.09831860929039615  0.027774810383506023  
 0  0.7976631518951268  0.757397713919453  0.08976916500427469  0.02884307232133314  
 0  0.8026503277286975  0.8530071573549832  0.0883442576232545  0.027774810383506023  
 0  0.8019378740381874  0.9470142078837731  0.09261897976631524  0.023501762632197415  
