 0  0.41222570532915354  0.08973400277748102  0.09689370190937598  0.030979596196987497  
 0  0.42362496437731534  0.1970943275291101  0.09974351667141634  0.032047858134814665  
 0  0.4200626959247648  0.2980450806537763  0.0954687945283556  0.030979596196987515  
 0  0.4321744086634368  0.39205213118256593  0.09119407238529488  0.03525264394829612  
 0  0.43929894556853794  0.4876615746180963  0.09119407238529488  0.027774810383506023  
 0  0.43644913080649744  0.5827368870847132  0.09119407238529505  0.03204785813481463  
 0  0.44357366771159873  0.674073282768935  0.09404388714733543  0.02884307232133314  
 0  0.4442861214021088  0.7680803332977244  0.0954687945283556  0.028843072321333277  
 0  0.45283556568823013  0.8567460741373784  0.0954687945283556  0.02884307232133314  
 0  0.4542604730692504  0.9454118149770323  0.09261897976631506  0.030979596196987515  
 0  0.8097748646337987  0.09560944343553036  0.09689370190937598  0.03204785813481465  
 0  0.8040752351097177  0.19068475590214717  0.09404388714733543  0.032047858134814665  
 0  0.8040752351097179  0.28896485418224543  0.09689370190937598  0.03204785813481463  
 0  0.8069250498717583  0.38350603567994873  0.09404388714733543  0.028843072321333207  
 0  0.8097748646337987  0.4764448242709111  0.09689370190937598  0.026706548445678838  
 0  0.8062125961812481  0.5747249225510095  0.0954687945283556  0.030979596196987515  
 0  0.8062125961812481  0.6649930562974039  0.0954687945283556  0.027774810383506023  
 0  0.8076375035622684  0.75098814229249  0.09261897976631524  0.030979596196987515  
 0  0.8140495867768593  0.843392799914539  0.09119407238529488  0.029911334259160396  
 0  0.8083499572527785  0.9373998504433286  0.0968937019093758  0.023501762632197415  
