 0  0.39085209461385  0.08172203824377736  0.10544314619549744  0.03204785813481465  
 0  0.40225135366201187  0.19388954171562867  0.09974351667141634  0.03418438201046897  
 0  0.4015388999715018  0.29323790193355403  0.1040182388144769  0.03418438201046897  
 0  0.4086634368766029  0.3925862621514795  0.09831860929039615  0.03418438201046901  
 0  0.41721288116272437  0.4908663604315778  0.09546879452835579  0.029911334259160396  
 0  0.41721288116272437  0.5870099348360217  0.09546879452835579  0.029911334259160396  
 0  0.42504987175833564  0.6799487234269842  0.09404388714733543  0.027774810383506023  
 0  0.42362496437731534  0.7760922978314282  0.09974351667141634  0.03204785813481463  
 0  0.4343117697349672  0.8652921696399956  0.0954687945283556  0.028843072321333277  
 0  0.43573667711598735  0.9550261724174767  0.0954687945283556  0.02884307232133314  
 0  0.7983756055856369  0.0854609550261724  0.09689370190937598  0.030979596196987497  
 0  0.7919635223710457  0.185877577181925  0.0954687945283556  0.033116120072641815  
 0  0.7976631518951267  0.2841576754620233  0.1011684240524367  0.03311612007264179  
 0  0.7962382445141064  0.3861766905245166  0.09831860929039615  0.03632090588612331  
 0  0.7969506982046166  0.48018374105330625  0.0968937019093758  0.027774810383506023  
 0  0.7955257908235963  0.5800662322401453  0.09119407238529488  0.030979596196987445  
 0  0.793388429752066  0.6724708898621942  0.10116842405243652  0.029911334259160396  
 0  0.7941008834425761  0.7595342377951072  0.09974351667141634  0.03311612007264175  
 0  0.8026503277286975  0.857280205106292  0.0968937019093758  0.029911334259160396  
 0  0.7976631518951267  0.9512872556350817  0.09261897976631524  0.03204785813481463  
