 0  0.38871473354231967  0.08973400277748103  0.1011684240524367  0.033116120072641815  
 0  0.8019378740381874  0.09026813374639461  0.1011684240524367  0.03418438201046897  
 0  0.4008264462809917  0.2002991133425916  0.10259333143345671  0.03632090588612327  
 0  0.39940153889997143  0.3044546522807392  0.10829296095753763  0.03738916782395046  
 0  0.4079509831860928  0.39899583377844244  0.09689370190937598  0.029911334259160326  
 0  0.4143630664006839  0.4999465869031086  0.0954687945283556  0.030979596196987515  
 0  0.4143630664006839  0.5934195064629847  0.0954687945283556  0.027774810383506023  
 0  0.42362496437731534  0.689028949898515  0.09119407238529488  0.028843072321333277  
 0  0.42291251068680524  0.7841042623651319  0.09831860929039615  0.026706548445678904  
 0  0.4321744086634367  0.8754406580493537  0.09404388714733543  0.025638286507851785  
 0  0.43502422342547725  0.9651746608268347  0.09119407238529505  0.025638286507851785  
 0  0.7955257908235964  0.19068475590214717  0.09404388714733543  0.032047858134814665  
 0  0.7969506982046166  0.2905672470889862  0.0968937019093758  0.030979596196987515  
 0  0.7983756055856369  0.38991560730691166  0.09119407238529488  0.030979596196987515  
 0  0.7990880592761469  0.4865933126802691  0.09261897976631506  0.029911334259160326  
 0  0.7941008834425761  0.589146458711676  0.09689370190937598  0.029911334259160326  
 0  0.7962382445141064  0.6794145924580707  0.08976916500427469  0.024570024570024666  
 0  0.7983756055856368  0.7718192500801195  0.09404388714733543  0.029911334259160396  
 0  0.8040752351097177  0.8652921696399956  0.09404388714733543  0.030979596196987515  
 0  0.7998005129666571  0.9641063988890075  0.09404388714733543  0.029911334259160396  
