 0  0.38444001139925904  0.08973400277748102  0.09831860929039615  0.030979596196987497  
 0  0.39583927044742084  0.19869672043585085  0.09831860929039615  0.03097959619698748  
 0  0.39512681675691075  0.3007157354983442  0.09689370190937598  0.03204785813481463  
 0  0.4051011684240523  0.3979275718406153  0.0968937019093758  0.03204785813481463  
 0  0.41151325163864344  0.49567353915179996  0.08976916500427469  0.026706548445678838  
 0  0.4129381590196637  0.5896805896805896  0.0954687945283556  0.03097959619698758  
 0  0.41721288116272437  0.6863582950539471  0.09831860929039615  0.03204785813481463  
 0  0.4179253348532344  0.7819677384894776  0.09689370190937598  0.030979596196987515  
 0  0.4293245939013964  0.8722358722358722  0.09404388714733543  0.027774810383506023  
 0  0.42932459390139627  0.960901613075526  0.0883442576232545  0.025638286507851653  
 0  0.7912510686805356  0.09293878859096251  0.09404388714733543  0.030979596196987497  
 0  0.786976346537475  0.19068475590214717  0.09404388714733543  0.029911334259160326  
 0  0.7891137076090053  0.2905672470889862  0.09546879452835579  0.028843072321333176  
 0  0.7912510686805356  0.38831321440017086  0.09404388714733543  0.029911334259160326  
 0  0.7933884297520659  0.48445678880461485  0.0954687945283556  0.029911334259160326  
 0  0.7884012539184952  0.5838051490225402  0.09974351667141634  0.029911334259160326  
 0  0.7884012539184951  0.6746074137378484  0.09404388714733543  0.02991133425916026  
 0  0.7898261612995154  0.7654096784531566  0.0883442576232545  0.025638286507851785  
 0  0.7962382445141065  0.8615532528576006  0.08691935024223414  0.025638286507851653  
 0  0.7948133371330862  0.9582309582309582  0.09261897976631506  0.026706548445678904  
