 0  0.38871473354231967  0.09828009828009827  0.09261897976631524  0.030979596196987497  
 0  0.4008264462809917  0.2035038991560731  0.09689370190937598  0.032047858134814665  
 0  0.40296380735252196  0.3007157354983442  0.10116842405243652  0.03204785813481463  
 0  0.4157879737817042  0.3952569169960474  0.10116842405243652  0.028843072321333207  
 0  0.42362496437731545  0.4908663604315778  0.09404388714733543  0.027774810383506023  
 0  0.42433741806782554  0.5822027561157995  0.09261897976631524  0.030979596196987515  
 0  0.4343117697349671  0.674073282768935  0.08976916500427469  0.02884307232133314  
 0  0.43573667711598735  0.767546202328811  0.08976916500427487  0.027774810383506158  
 0  0.44998575092618975  0.8535412883238969  0.09261897976631524  0.026706548445678904  
 0  0.45141065830720994  0.9411387672257238  0.08691935024223414  0.02884307232133314  
 0  0.7805642633228839  0.0977459673111847  0.08976916500427469  0.029911334259160344  
 0  0.7819891707039041  0.19228714880888792  0.09261897976631524  0.030979596196987515  
 0  0.7841265317754345  0.28736246127550474  0.09119407238529488  0.028843072321333207  
 0  0.7891137076090053  0.38243777374212146  0.09261897976631506  0.028843072321333207  
 0  0.7876888002279852  0.475376562333084  0.08976916500427469  0.030979596196987515  
 0  0.7884012539184952  0.5709860057686145  0.0883442576232545  0.027774810383506023  
 0  0.7898261612995154  0.6607200085460955  0.09119407238529488  0.027774810383506023  
 0  0.7948133371330862  0.7456468326033543  0.08976916500427469  0.026706548445678904  
 0  0.8019378740381874  0.8359149663497488  0.09261897976631524  0.025638286507851785  
 0  0.7990880592761469  0.9277854930028843  0.08406953548019377  0.021365238756543177  
