 0  0.3937019093758905  0.09560944343553036  0.09404388714733543  0.029911334259160344  
 0  0.7848389854659447  0.09507531246661681  0.09261897976631524  0.0331161200726418  
 0  0.4051011684240523  0.2035038991560731  0.09404388714733543  0.032047858134814665  
 0  0.4058136221145625  0.30124986646725777  0.09831860929039615  0.028843072321333207  
 0  0.4179253348532345  0.39472278602713384  0.09404388714733543  0.027774810383506023  
 0  0.42861214021088617  0.4892639675248371  0.08976916500427469  0.028843072321333207  
 0  0.4293245939013964  0.581668625146886  0.09119407238529505  0.027774810383506023  
 0  0.43787403818751774  0.6730050208311078  0.0883442576232545  0.026706548445678772  
 0  0.43716158449700754  0.7654096784531566  0.09261897976631524  0.027774810383506023  
 0  0.45069820461669985  0.8535412883238969  0.09404388714733543  0.024570024570024534  
 0  0.4549729267597605  0.939536374318983  0.0883442576232545  0.027774810383506023  
 0  0.781276717013394  0.19175301783997434  0.08549444286121395  0.027774810383506023  
 0  0.786976346537475  0.28576006836876405  0.08549444286121395  0.027774810383506057  
 0  0.7898261612995154  0.38030124986646724  0.0883442576232545  0.0245700245700246  
 0  0.7941008834425761  0.4743083003952569  0.08549444286121413  0.028843072321333207  
 0  0.7926759760615558  0.5709860057686145  0.09119407238529505  0.029911334259160326  
 0  0.7912510686805356  0.6591176156393548  0.0883442576232545  0.026706548445678904  
 0  0.7969506982046166  0.7477833564790085  0.09119407238529505  0.028843072321333277  
 0  0.8040752351097179  0.8369832282875761  0.08549444286121413  0.027774810383506023  
 0  0.8055001424907379  0.9299220168785385  0.08549444286121413  0.027774810383506023  
