 0  0.3872898261612995  0.09721183634227111  0.09261897976631524  0.033116120072641815  
 0  0.4015388999715018  0.20403803012498664  0.09546879452835579  0.033116120072641815  
 0  0.40225135366201187  0.3007157354983442  0.09119407238529488  0.03418438201046897  
 0  0.4136506127101738  0.3952569169960474  0.09404388714733543  0.033116120072641815  
 0  0.42220005699629515  0.4897980984937506  0.09119407238529488  0.027774810383506092  
 0  0.4222000569962951  0.5827368870847132  0.09404388714733543  0.02563828650785172  
 0  0.433599316044457  0.6746074137378484  0.09119407238529488  0.027774810383506023  
 0  0.433599316044457  0.7654096784531566  0.09119407238529488  0.025638286507851785  
 0  0.445711028783129  0.8535412883238969  0.08691935024223414  0.024570024570024534  
 0  0.44998575092618964  0.9400705052878966  0.08976916500427469  0.028843072321333277  
 0  0.7784269022513535  0.09881422924901186  0.09404388714733543  0.029911334259160344  
 0  0.775577087489313  0.19335541074671508  0.0883442576232545  0.026706548445678904  
 0  0.780564263322884  0.2878965922444183  0.08691935024223414  0.02563828650785172  
 0  0.7855514391564546  0.3829719047110351  0.0883442576232545  0.023501762632197415  
 0  0.786976346537475  0.47377416942634326  0.09119407238529505  0.02563828650785172  
 0  0.7862638928469649  0.5704518747997008  0.08406953548019377  0.026706548445678838  
 0  0.7898261612995154  0.6580493537015276  0.0883442576232545  0.026706548445678772  
 0  0.7905386149900255  0.7440444396966136  0.08406953548019377  0.021365238756543177  
 0  0.7990880592761469  0.8359149663497488  0.08121972071815323  0.025638286507851785  
 0  0.7990880592761469  0.9277854930028843  0.08406953548019377  0.023501762632197415  
