 0  0.3865773724707894  0.09667770537335753  0.09404388714733543  0.029911334259160344  
 0  0.39868908520946134  0.2035038991560731  0.0954687945283556  0.02991133425916036  
 0  0.4008264462809917  0.30231812840508493  0.0883442576232545  0.030979596196987515  
 0  0.4157879737817042  0.3936545240893067  0.08976916500427469  0.029911334259160326  
 0  0.42291251068680524  0.48926396752483703  0.08976916500427469  0.026706548445678904  
 0  0.42362496437731534  0.5811344941779724  0.0883442576232545  0.02884307232133314  
 0  0.43146195497292666  0.6740732827689347  0.09261897976631524  0.024570024570024534  
 0  0.4343117697349671  0.7659438094220702  0.08691935024223432  0.024570024570024666  
 0  0.4464234824736391  0.8524730263860698  0.08549444286121395  0.024570024570024666  
 0  0.44998575092618975  0.9384681123811557  0.08406953548019377  0.021365238756543045  
 0  0.7777144485608435  0.09881422924901186  0.08976916500427469  0.029911334259160344  
 0  0.7755770874893131  0.19228714880888792  0.09404388714733543  0.030979596196987515  
 0  0.780564263322884  0.28682833030659116  0.08691935024223414  0.02991133425916036  
 0  0.7827016243944143  0.3829719047110351  0.09119407238529488  0.03204785813481463  
 0  0.787688800227985  0.47697895523982475  0.09261897976631524  0.03632090588612324  
 0  0.7891137076090053  0.5704518747997008  0.08976916500427469  0.033116120072641815  
 0  0.7891137076090053  0.6596517466082682  0.08976916500427469  0.02991133425916026  
 0  0.7926759760615558  0.7461809635722679  0.08549444286121395  0.02991133425916026  
 0  0.799800512966657  0.8343125734430082  0.0883442576232545  0.026706548445678772  
 0  0.8019378740381874  0.9283196239717979  0.08691935024223414  0.024570024570024534  
