 0  0.39085209461385  0.09774596731118469  0.09974351667141634  0.032047858134814665  
 0  0.4043887147335422  0.20617455400064094  0.0954687945283556  0.03525264394829612  
 0  0.4051011684240523  0.30231812840508493  0.09119407238529505  0.03311612007264179  
 0  0.4136506127101738  0.3973934408717017  0.0968937019093758  0.030979596196987445  
 0  0.42576232544884574  0.49033222946266425  0.09261897976631524  0.026706548445678904  
 0  0.42362496437731545  0.5822027561157995  0.09404388714733543  0.02884307232133314  
 0  0.4350242234254772  0.6756756756756757  0.0883442576232545  0.025638286507851785  
 0  0.43502422342547725  0.767546202328811  0.09404388714733543  0.027774810383506158  
 0  0.4464234824736392  0.8551436812306377  0.0883442576232545  0.029911334259160396  
 0  0.44998575092618964  0.9411387672257235  0.08976916500427469  0.024570024570024534  
 0  0.7805642633228839  0.099882491186839  0.08976916500427469  0.03204785813481465  
 0  0.7798518096323739  0.19442367268454222  0.09404388714733543  0.028843072321333207  
 0  0.7841265317754345  0.2878965922444183  0.0883442576232545  0.02563828650785172  
 0  0.7876888002279852  0.3840401666488622  0.08976916500427469  0.02563828650785172  
 0  0.7891137076090053  0.47591069330199764  0.08691935024223432  0.029911334259160326  
 0  0.7898261612995154  0.5725883986753552  0.09119407238529488  0.028843072321333207  
 0  0.7898261612995154  0.6612541395150091  0.0883442576232545  0.030979596196987515  
 0  0.793388429752066  0.7467150945411816  0.08976916500427469  0.024570024570024534  
 0  0.8012254203476772  0.8385856211943167  0.0883442576232545  0.024570024570024534  
 0  0.8040752351097179  0.9315244097852793  0.0883442576232545  0.026706548445678904  
