 0  0.38942718723282976  0.09614357440444396  0.0968937019093758  0.033116120072641815  
 0  0.40225135366201187  0.20510629206281378  0.09119407238529488  0.030979596196987515  
 0  0.402963807352522  0.30231812840508493  0.0954687945283556  0.03311612007264179  
 0  0.41578797378170407  0.39579104796496095  0.0954687945283556  0.029911334259160326  
 0  0.42362496437731534  0.4908663604315778  0.09119407238529488  0.029911334259160396  
 0  0.42504987175833564  0.5832710180536268  0.09404388714733543  0.028843072321333207  
 0  0.4335993160444571  0.6762098066445892  0.09404388714733543  0.026706548445678904  
 0  0.43502422342547725  0.7680803332977244  0.09119407238529505  0.024570024570024534  
 0  0.445711028783129  0.8551436812306377  0.09261897976631524  0.023501762632197415  
 0  0.45141065830720994  0.9411387672257238  0.08406953548019377  0.026706548445678904  
 0  0.7819891707039042  0.09721183634227111  0.08976916500427469  0.028843072321333176  
 0  0.7791393559418637  0.19282127977780147  0.08691935024223432  0.02563828650785172  
 0  0.7848389854659447  0.2878965922444183  0.08406953548019377  0.02350176263219745  
 0  0.7876888002279852  0.3829719047110351  0.08976916500427469  0.02563828650785172  
 0  0.7912510686805356  0.47591069330199764  0.0883442576232545  0.02563828650785172  
 0  0.7876888002279852  0.5725883986753552  0.08976916500427469  0.026706548445678838  
 0  0.7898261612995154  0.6601858775771818  0.0883442576232545  0.024570024570024534  
 0  0.793388429752066  0.7477833564790085  0.08976916500427469  0.026706548445678772  
 0  0.8012254203476772  0.8380514902254033  0.0883442576232545  0.021365238756543177  
 0  0.8040752351097179  0.9304561478474521  0.08549444286121413  0.022433500694370164  
