 0  0.38942718723282976  0.09454118149770321  0.0968937019093758  0.03204785813481465  
 0  0.402963807352522  0.20296976818715948  0.0954687945283556  0.03525264394829612  
 0  0.4029083942877046  0.3012795404099752  0.09578544061302678  0.032641336989163106  
 0  0.4152443980030186  0.39539539539539537  0.09433414605828404  0.02937720329024677  
 0  0.42612910716358987  0.4900552726639683  0.08998026239405547  0.027201114157635903  
 0  0.4268547544409613  0.5825390607999303  0.09143155694879838  0.029377203290246835  
 0  0.43411122721467543  0.6728467598032816  0.0856263787298269  0.027201114157635903  
 0  0.43628816904678963  0.7653305479392436  0.08707767328456982  0.027201114157635903  
 0  0.4493498200394751  0.8534621578099839  0.08417508417508417  0.0250250250250249  
 0  0.45370370370370355  0.9394176785481132  0.08707767328456982  0.022848935892414168  
 0  0.7831475676303261  0.0956391173782478  0.08998026239405565  0.03264133698916307  
 0  0.7809706257982119  0.19084301692997344  0.08852896783931255  0.02937720329024677  
 0  0.7838732149076976  0.2860469164816991  0.08562637872982708  0.026113069591330435  
 0  0.7896783931266689  0.3817948383165774  0.09143155694879838  0.028289158723941336  
 0  0.7904040404040403  0.47319058188623403  0.08998026239405547  0.0261130695913304  
 0  0.789678393126669  0.5705705705705706  0.08852896783931273  0.022848935892414168  
 0  0.7925809822361546  0.6576141358750054  0.0856263787298269  0.027201114157635903  
 0  0.7969348659003831  0.7441136788962874  0.08852896783931255  0.023936980458719535  
 0  0.8049169859514685  0.8349654001827914  0.08417508417508417  0.020672846759803302  
 0  0.8049169859514685  0.9290812551682116  0.08417508417508417  0.0217608913261088  
