 0  0.38984674329501906  0.09019889454672063  0.09288285150354131  0.028289158723941336  
 0  0.40290839428770453  0.19737128432780607  0.09288285150354113  0.027201114157635903  
 0  0.403634041565076  0.29801540671105886  0.08852896783931273  0.028289158723941367  
 0  0.41669569255776145  0.3904991948470209  0.08852896783931255  0.02611306959133047  
 0  0.42540345988621847  0.486791138965052  0.08852896783931273  0.022848935892414168  
 0  0.4268547544409612  0.5776428602515559  0.08852896783931273  0.0239369804587196  
 0  0.4377394636015325  0.6695826261043651  0.08998026239405547  0.025025025025025033  
 0  0.4391907581562754  0.76261043652348  0.08998026239405547  0.02828915872394127  
 0  0.4522524091489608  0.8512860686773729  0.08707767328456982  0.0250250250250249  
 0  0.45370370370370355  0.937785611698655  0.08707767328456982  0.026113069591330536  
 0  0.7831475676303261  0.08965487226356791  0.08998026239405565  0.027201114157635903  
 0  0.7816962730755832  0.185946816381599  0.08707767328456982  0.0239369804587196  
 0  0.7875014512945546  0.28223876049963004  0.08707767328457  0.025025025025025033  
 0  0.7904040404040403  0.3774426600513557  0.08998026239405547  0.02611306959133047  
 0  0.7925809822361546  0.4699264481873177  0.09433414605828404  0.02611306959133047  
 0  0.7925809822361545  0.5656743700221961  0.09143155694879838  0.02828915872394127  
 0  0.7954835713456403  0.6538059798929364  0.08852896783931273  0.023936980458719535  
 0  0.8005631022872401  0.7419375897636767  0.08707767328456982  0.02828915872394127  
 0  0.8078195750609544  0.8333333333333333  0.08707767328456982  0.02393698045871967  
 0  0.8056426332288401  0.926361143752448  0.08272378962034124  0.022848935892414168  
