 0  0.39057239057239046  0.08965487226356791  0.09433414605828404  0.02937720329024677  
 0  0.40653663067456164  0.1957392174783479  0.09433414605828404  0.0304652478565522  
 0  0.4058109833971902  0.295839317578448  0.09288285150354113  0.0261130695913305  
 0  0.41597004528039005  0.3904991948470209  0.08707767328456982  0.0239369804587196  
 0  0.42758040171833267  0.48570309439874654  0.08998026239405565  0.027201114157635903  
 0  0.4290316962730755  0.5776428602515559  0.09288285150354131  0.0239369804587196  
 0  0.4370138163241611  0.6717587152369761  0.0856263787298269  0.022848935892414036  
 0  0.43846511087890394  0.7642425033729381  0.08852896783931255  0.020672846759803302  
 0  0.4522524091489608  0.8518300909605258  0.08707767328456982  0.0261130695913304  
 0  0.4551549982584464  0.9383296339818078  0.08998026239405547  0.022848935892414168  
 0  0.7867758040171832  0.08639073856465161  0.09143155694879838  0.031553292422857634  
 0  0.7838732149076976  0.18268268268268267  0.09143155694879838  0.02611306959133047  
 0  0.7896783931266689  0.2800626713670192  0.09143155694879838  0.027201114157635903  
 0  0.7933066295135259  0.3768986377682029  0.08417508417508417  0.025025025025025033  
 0  0.7954835713456403  0.46883840362101226  0.08852896783931273  0.0239369804587196  
 0  0.7969348659003831  0.5667624145885015  0.08562637872982708  0.023936980458719535  
 0  0.7983861604551259  0.6565260913087  0.0856263787298269  0.022848935892414168  
 0  0.8034656913967259  0.7424816120468293  0.08417508417508417  0.022848935892414168  
 0  0.8092708696156972  0.8355094224659442  0.08998026239405547  0.02393698045871967  
 0  0.8121734587251827  0.9279932106019062  0.08707767328456982  0.02176089132610867  
