 0  0.3905723905723905  0.08747878313095703  0.08852896783931255  0.02502502502502502  
 0  0.4050853361198188  0.19519519519519515  0.09143155694879838  0.027201114157635868  
 0  0.4050853361198188  0.29475127301214255  0.09143155694879838  0.026113069591330435  
 0  0.4188726343898757  0.38941115028071555  0.08707767328456982  0.0239369804587196  
 0  0.4290316962730755  0.4851590721155938  0.08998026239405547  0.021760891326108735  
 0  0.4283060489957041  0.5776428602515559  0.0856263787298269  0.021760891326108735  
 0  0.4370138163241611  0.6706706706706705  0.0856263787298269  0.022848935892414168  
 0  0.4413676999883896  0.7642425033729381  0.08562637872982708  0.025025025025025033  
 0  0.45370370370370355  0.8512860686773729  0.08707767328456982  0.022848935892414168  
 0  0.45588064553581786  0.9383296339818078  0.08562637872982708  0.022848935892414168  
 0  0.7882270985719261  0.08367062714888801  0.09143155694879838  0.028289158723941336  
 0  0.7867758040171833  0.1805065935500718  0.08852896783931273  0.026113069591330435  
 0  0.7882270985719261  0.278430604517561  0.07982120051085577  0.0304652478565522  
 0  0.7954835713456403  0.3741785263524393  0.08852896783931273  0.0304652478565522  
 0  0.7962092186230116  0.46775035905470685  0.08998026239405547  0.02611306959133047  
 0  0.7962092186230117  0.5656743700221961  0.08707767328456982  0.0261130695913304  
 0  0.802014396841983  0.6559820690255472  0.08417508417508417  0.026113069591330536  
 0  0.8027400441193543  0.7430256343299821  0.08562637872982708  0.0261130695913304  
 0  0.8136247532799256  0.8349654001827913  0.08417508417508417  0.022848935892414168  
 0  0.8143504005572969  0.9290812551682116  0.08562637872982708  0.0217608913261088  
