 0  0.39057239057239046  0.08856682769726247  0.09433414605828404  0.027201114157635903  
 0  0.403634041565076  0.19519519519519515  0.0914315569487982  0.027201114157635868  
 0  0.4050853361198188  0.29366322844583714  0.09143155694879838  0.026113069591330435  
 0  0.41814698711250425  0.3888671279975628  0.0914315569487982  0.025025025025025033  
 0  0.4312086381051898  0.48461504983244114  0.0914315569487982  0.022848935892414168  
 0  0.429757343550447  0.5781868825347086  0.08852896783931255  0.025025025025025033  
 0  0.4355625217694183  0.6717587152369761  0.08562637872982708  0.022848935892414036  
 0  0.4406420527110182  0.7653305479392436  0.08707767328456982  0.027201114157635903  
 0  0.454429350981075  0.852918135526831  0.08272378962034142  0.0261130695913304  
 0  0.4566062928131893  0.9410497453975714  0.08998026239405547  0.0261130695913304  
 0  0.7889527458492975  0.08475867171519344  0.09288285150354113  0.023936980458719583  
 0  0.7875014512945546  0.18268268268268267  0.09288285150354131  0.02611306959133047  
 0  0.7889527458492975  0.278430604517561  0.08417508417508433  0.028289158723941336  
 0  0.7940322767908974  0.3752665709187448  0.08852896783931255  0.028289158723941336  
 0  0.7983861604551259  0.46938242590416496  0.0914315569487982  0.027201114157635903  
 0  0.7998374550098687  0.5667624145885015  0.08852896783931255  0.02828915872394127  
 0  0.8005631022872401  0.6570701135918526  0.08998026239405547  0.0261130695913304  
 0  0.8049169859514685  0.7457457457457457  0.08998026239405547  0.022848935892414168  
 0  0.8121734587251827  0.8371414893154023  0.08707767328456982  0.025025025025025033  
 0  0.8121734587251828  0.930169299734517  0.08998026239405547  0.02393698045871967  
