 0  0.38839544874027626  0.08421464943204073  0.09578544061302696  0.031553292422857634  
 0  0.4000058051782189  0.1930191060625843  0.09288285150354113  0.02937720329024677  
 0  0.40218274701033313  0.29094311703007353  0.09723673516776969  0.029377203290246734  
 0  0.41597004528038994  0.3861470165817992  0.09578544061302678  0.0304652478565522  
 0  0.42250087077673276  0.4824389606998303  0.08562637872982708  0.025025025025025033  
 0  0.4268547544409613  0.5749227488357923  0.09143155694879838  0.027201114157635903  
 0  0.43628816904678974  0.667950559254907  0.08998026239405547  0.0261130695913304  
 0  0.43773946360153254  0.7609783696740219  0.08707767328456982  0.0250250250250249  
 0  0.4529780564263322  0.8491099795447622  0.08852896783931255  0.027201114157635903  
 0  0.4551549982584464  0.9361535448491969  0.08417508417508417  0.022848935892414168  
 0  0.784598862185069  0.08203856029942985  0.09288285150354131  0.02937720329024677  
 0  0.7824219203529547  0.1777864821343082  0.09433414605828404  0.02937720329024677  
 0  0.789678393126669  0.2751664708186447  0.09433414605828404  0.0304652478565522  
 0  0.7918553349587831  0.37145841493667575  0.09288285150354113  0.027201114157635903  
 0  0.7954835713456403  0.46503024763894324  0.08852896783931273  0.027201114157635903  
 0  0.7947579240682688  0.5634982808895851  0.09288285150354113  0.02611306959133047  
 0  0.7969348659003831  0.6521739130434783  0.09143155694879838  0.027201114157635903  
 0  0.8012887495646116  0.7403055229142186  0.0856263787298269  0.025025025025025033  
 0  0.8099965168930685  0.8327893110501806  0.0856263787298269  0.020672846759803302  
 0  0.8107221641704399  0.926361143752448  0.08417508417508417  0.022848935892414168  
