 0  0.38839544874027626  0.08693476084780431  0.09578544061302696  0.026113069591330453  
 0  0.4014570997329618  0.19519519519519515  0.09288285150354113  0.027201114157635868  
 0  0.4014570997329618  0.2952952952952953  0.09288285150354113  0.029377203290246803  
 0  0.41597004528038994  0.3899551725638682  0.08998026239405547  0.02937720329024677  
 0  0.42395216533147556  0.48461504983244114  0.09433414605828404  0.02937720329024677  
 0  0.4232265180541042  0.5776428602515559  0.08998026239405547  0.02611306959133047  
 0  0.4370138163241611  0.6717587152369761  0.09723673516776953  0.025025025025025033  
 0  0.43411122721467543  0.7642425033729382  0.0914315569487982  0.027201114157635903  
 0  0.4471728782073609  0.8523741132436784  0.08852896783931255  0.022848935892414036  
 0  0.4508011145942179  0.9394176785481132  0.08707767328456982  0.025025025025025033  
 0  0.7838732149076977  0.08639073856465161  0.09433414605828404  0.02937720329024677  
 0  0.7824219203529548  0.18268268268268267  0.09143155694879838  0.03264133698916307  
 0  0.7860501567398118  0.2795186490838665  0.08998026239405565  0.02611306959133047  
 0  0.7918553349587831  0.3758105932018975  0.09288285150354113  0.02937720329024677  
 0  0.7918553349587831  0.46775035905470685  0.08998026239405565  0.0239369804587196  
 0  0.7918553349587831  0.5667624145885015  0.09288285150354113  0.0261130695913304  
 0  0.7947579240682688  0.6570701135918526  0.08998026239405547  0.0261130695913304  
 0  0.7962092186230116  0.7446577011794403  0.08998026239405547  0.025025025025025033  
 0  0.8070939277835829  0.8360534447490968  0.08852896783931273  0.025025025025025033  
 0  0.8041913386740972  0.9312573443008225  0.08852896783931273  0.0217608913261088  
