 0  0.40798792522930444  0.09727118422770596  0.08852896783931255  0.031553292422857634  
 0  0.4188726343898757  0.20226748487618051  0.09578544061302696  0.028289158723941336  
 0  0.4232265180541042  0.3007355181268225  0.09578544061302678  0.03155329242285767  
 0  0.4333855799373041  0.3932193062627845  0.08998026239405547  0.031553292422857634  
 0  0.4464472309299895  0.48896722809766285  0.09288285150354113  0.027201114157635903  
 0  0.44354464182050385  0.5819950385167776  0.09288285150354113  0.028289158723941336  
 0  0.450801114594218  0.673934804369587  0.09578544061302678  0.027201114157635903  
 0  0.4566062928131893  0.7685946816381598  0.09578544061302678  0.02937720329024677  
 0  0.4653140601416463  0.8550942246594421  0.08707767328457  0.023936980458719535  
 0  0.46821664925113204  0.9410497453975714  0.08707767328456982  0.0261130695913304  
 0  0.8034656913967259  0.09128693911302606  0.08707767328456982  0.028289158723941336  
 0  0.7991118077324973  0.18866692779736258  0.09288285150354113  0.02937720329024677  
 0  0.8027400441193543  0.28550289419854635  0.09143155694879838  0.025025025025025002  
 0  0.8085452223383256  0.37961874918396654  0.09143155694879838  0.02611306959133047  
 0  0.8114478114478114  0.47482264873569213  0.09433414605828386  0.027201114157635833  
 0  0.8114478114478114  0.571658615136876  0.08852896783931255  0.025025025025025033  
 0  0.8136247532799257  0.6608782695739217  0.09288285150354113  0.025025025025025033  
 0  0.8158016951120398  0.7479218348783566  0.08852896783931273  0.022848935892414168  
 0  0.8266864042726111  0.8409496452974713  0.08998026239405547  0.023936980458719535  
 0  0.8259607569952395  0.9350655002828915  0.08562637872982708  0.027201114157635903  
