 0  0.403634041565076  0.09183096139617879  0.09433414605828404  0.027201114157635885  
 0  0.41669569255776145  0.1984593288941115  0.09433414605828386  0.027201114157635903  
 0  0.4174213398351329  0.29747138442790616  0.09578544061302678  0.029377203290246803  
 0  0.4312086381051898  0.3899551725638682  0.08852896783931273  0.025025025025025033  
 0  0.44064205271101814  0.486791138965052  0.08998026239405547  0.025025025025025033  
 0  0.44209334726576105  0.5787309048178613  0.08998026239405547  0.02828915872394127  
 0  0.4508011145942179  0.6706706706706705  0.08707767328456982  0.0250250250250249  
 0  0.4529780564263322  0.7636984810897854  0.08562637872982708  0.02176089132610867  
 0  0.4645884128642749  0.852918135526831  0.07982120051085559  0.02176089132610867  
 0  0.46966794380587473  0.9394176785481132  0.08707767328456982  0.022848935892414168  
 0  0.7983861604551259  0.08747878313095704  0.0914315569487982  0.02937720329024677  
 0  0.7969348659003831  0.185946816381599  0.08562637872982708  0.02611306959133047  
 0  0.8034656913967259  0.28169473821647734  0.08998026239405547  0.02611306959133047  
 0  0.8063682805062115  0.3768986377682029  0.08998026239405547  0.022848935892414168  
 0  0.8085452223383256  0.46938242590416496  0.08852896783931255  0.025025025025025033  
 0  0.8107221641704399  0.567850459154807  0.08998026239405547  0.028289158723941336  
 0  0.8114478114478114  0.6570701135918526  0.09143155694879838  0.0261130695913304  
 0  0.8150760478346685  0.7441136788962874  0.08998026239405547  0.023936980458719535  
 0  0.823058167885754  0.8371414893154023  0.08852896783931255  0.022848935892414168  
 0  0.8245094624404968  0.9307133220176698  0.0856263787298269  0.022848935892414168  
