 0  0.39420062695924757  0.08584671628149887  0.09288285150354113  0.026113069591330453  
 0  0.4072622779519331  0.1930191060625843  0.09868802972251244  0.02937720329024677  
 0  0.4108905143387901  0.2925751838795317  0.09723673516776969  0.030465247856552167  
 0  0.4188726343898756  0.3872350611481047  0.08998026239405547  0.02611306959133047  
 0  0.4290316962730756  0.4813509161335248  0.08707767328456982  0.027201114157635903  
 0  0.4319342853825612  0.5743787265526396  0.08998026239405547  0.028289158723941336  
 0  0.4428189945431324  0.6684945815380597  0.08852896783931273  0.025025025025025033  
 0  0.44354464182050385  0.7609783696740219  0.08707767328456982  0.0250250250250249  
 0  0.45733194009056066  0.8501980241110675  0.0914315569487982  0.025025025025025033  
 0  0.4587832346453035  0.937785611698655  0.08562637872982708  0.0217608913261088  
 0  0.7889527458492975  0.08367062714888801  0.09288285150354113  0.028289158723941336  
 0  0.7911296876814118  0.17833050441746093  0.09723673516776969  0.03264133698916307  
 0  0.7940322767908974  0.27679853766810286  0.09723673516776969  0.031553292422857634  
 0  0.7983861604551259  0.37309048178613397  0.09723673516776953  0.02611306959133047  
 0  0.8005631022872401  0.46503024763894324  0.09578544061302678  0.027201114157635903  
 0  0.8005631022872401  0.564042303172738  0.09288285150354113  0.025025025025024968  
 0  0.8034656913967259  0.6538059798929364  0.09288285150354113  0.026113069591330536  
 0  0.8085452223383256  0.7403055229142186  0.08852896783931255  0.027201114157635903  
 0  0.8165273423894112  0.833877355616486  0.08998026239405547  0.025025025025025033  
 0  0.8158016951120398  0.9290812551682116  0.0856263787298269  0.030465247856552267  
