 0  0.3927493324045047  0.08693476084780433  0.09578544061302678  0.028289158723941336  
 0  0.40871357250667595  0.19356312834573702  0.10159061883199809  0.028289158723941336  
 0  0.4094392197840473  0.2925751838795317  0.09723673516776953  0.032641336989163106  
 0  0.42177522349936136  0.3872350611481047  0.09288285150354113  0.028289158723941336  
 0  0.42975734355044687  0.4829829829829829  0.09433414605828404  0.028289158723941336  
 0  0.4312086381051898  0.575466771118945  0.09433414605828404  0.028289158723941336  
 0  0.44209334726576094  0.6674065369717543  0.09288285150354113  0.025025025025025033  
 0  0.44427028909787525  0.7615223919571744  0.09433414605828386  0.023936980458719535  
 0  0.45805758736793206  0.847477912695304  0.08998026239405547  0.02828915872394127  
 0  0.46096017647741777  0.937785611698655  0.09288285150354113  0.030465247856552267  
 0  0.7882270985719261  0.08475867171519344  0.103041913386741  0.0304652478565522  
 0  0.7911296876814117  0.1805065935500718  0.09433414605828404  0.0282891587239413  
 0  0.7962092186230117  0.27625451538495016  0.09288285150354113  0.028289158723941336  
 0  0.8005631022872401  0.3725464595029812  0.09288285150354113  0.025025025025025033  
 0  0.802014396841983  0.46503024763894324  0.09578544061302678  0.031553292422857634  
 0  0.8012887495646116  0.564042303172738  0.0914315569487982  0.025025025025024968  
 0  0.8034656913967259  0.6527179353266309  0.08998026239405547  0.02393698045871967  
 0  0.8070939277835829  0.7408495451973712  0.08852896783931273  0.02393698045871967  
 0  0.8136247532799256  0.8327893110501806  0.08417508417508417  0.022848935892414168  
 0  0.8194299314988969  0.9285372328850588  0.08998026239405547  0.025025025025025033  
