 0  0.38984674329501906  0.08639073856465161  0.09578544061302678  0.02937720329024677  
 0  0.403634041565076  0.19410715062888972  0.09723673516776953  0.027201114157635868  
 0  0.4050853361198188  0.29203116159637893  0.09143155694879838  0.029377203290246734  
 0  0.4130674561709044  0.38669103886495193  0.08707767328456982  0.02937720329024677  
 0  0.42250087077673276  0.4835270052661357  0.09723673516776969  0.027201114157635903  
 0  0.42758040171833267  0.5743787265526396  0.09288285150354113  0.028289158723941336  
 0  0.4355625217694183  0.6695826261043651  0.09143155694879838  0.027201114157635903  
 0  0.4377394636015325  0.7609783696740219  0.08998026239405547  0.027201114157635903  
 0  0.4508011145942179  0.8485659572616093  0.08707767328456982  0.02393698045871967  
 0  0.4522524091489608  0.9350655002828915  0.09868802972251244  0.027201114157635903  
 0  0.7809706257982119  0.08421464943204073  0.09143155694879838  0.02937720329024677  
 0  0.7824219203529547  0.17996257126691909  0.09433414605828404  0.029377203290246734  
 0  0.7875014512945546  0.27734255995125556  0.09868802972251262  0.0304652478565522  
 0  0.7918553349587831  0.3741785263524393  0.09868802972251244  0.028289158723941336  
 0  0.7940322767908974  0.46503024763894324  0.09723673516776969  0.02937720329024677  
 0  0.7954835713456403  0.5640423031727378  0.09433414605828404  0.02937720329024677  
 0  0.7969348659003831  0.6538059798929364  0.09143155694879838  0.026113069591330536  
 0  0.8027400441193543  0.7403055229142186  0.08852896783931255  0.027201114157635903  
 0  0.8107221641704399  0.8322452887670277  0.08998026239405547  0.026113069591330536  
 0  0.8099965168930685  0.9279932106019062  0.08852896783931273  0.0261130695913304  
