 0  0.4152443980030186  0.10053531792662226  0.09723673516776953  0.027201114157635885  
 0  0.4268547544409612  0.20661966314140226  0.09433414605828404  0.03264133698916307  
 0  0.4268547544409613  0.3023675849762806  0.09723673516776969  0.0304652478565522  
 0  0.4370138163241611  0.39376332854593726  0.0914315569487982  0.028289158723941336  
 0  0.4486241727621037  0.4878791835313574  0.09433414605828404  0.027201114157635903  
 0  0.4464472309299895  0.5803629716673194  0.09288285150354113  0.027201114157635903  
 0  0.45370370370370355  0.6712146929538234  0.09288285150354113  0.023936980458719535  
 0  0.45588064553581786  0.7631544588066326  0.08562637872982708  0.0250250250250249  
 0  0.46749100197376053  0.8512860686773729  0.08852896783931273  0.022848935892414168  
 0  0.47039359108324624  0.9366975671323496  0.08852896783931273  0.0261130695913304  
 0  0.8005631022872401  0.10107934020977498  0.09288285150354113  0.032641336989163085  
 0  0.7991118077324973  0.19519519519519515  0.09288285150354113  0.027201114157635868  
 0  0.8041913386740972  0.28931105018061537  0.08852896783931273  0.0282891587239413  
 0  0.8063682805062115  0.3834269051660356  0.08998026239405547  0.025025025025024968  
 0  0.8078195750609543  0.4753666710188449  0.08998026239405547  0.02828915872394127  
 0  0.8070939277835829  0.5700265482874178  0.08852896783931273  0.0239369804587196  
 0  0.8078195750609543  0.6587021804413107  0.08998026239405547  0.027201114157635903  
 0  0.8128991060025542  0.745201723462593  0.08272378962034142  0.02393698045871967  
 0  0.8216068733310111  0.8349654001827913  0.08852896783931273  0.027201114157635903  
 0  0.8187042842215255  0.9279932106019062  0.0856263787298269  0.0261130695913304  
