 0  0.394926274236619  0.10815162989076033  0.10013932427725535  0.031553292422857655  
 0  0.4058109833971902  0.21260390825608216  0.09868802972251244  0.0359054706880794  
 0  0.4050853361198188  0.3083518300909605  0.08852896783931255  0.02937720329024677  
 0  0.4152443980030186  0.398115506811159  0.0914315569487982  0.028289158723941336  
 0  0.42177522349936136  0.48842320581451015  0.08707767328456982  0.0304652478565522  
 0  0.42177522349936136  0.5765548156852505  0.08707767328456982  0.028289158723941336  
 0  0.43048299082781843  0.6625103364233799  0.08998026239405547  0.023936980458719535  
 0  0.4283060489957041  0.7495539017278147  0.08852896783931273  0.0282891587239414  
 0  0.4413676999883896  0.8311572442007225  0.08562637872982708  0.02176089132610867  
 0  0.44572158365261805  0.9100404752578665  0.0856263787298269  0.022848935892414168  
 0  0.7650063856960407  0.11848805327066196  0.08852896783931273  0.028289158723941336  
 0  0.7592012074770694  0.20988379684031855  0.08852896783931273  0.0304652478565522  
 0  0.7635550911412979  0.2985594289942116  0.08562637872982708  0.029377203290246803  
 0  0.7650063856960407  0.3904991948470209  0.0856263787298269  0.02611306959133047  
 0  0.7635550911412979  0.4737346041693868  0.08562637872982708  0.025025025025024968  
 0  0.7635550911412979  0.5651303477390434  0.07982120051085577  0.0228489358924141  
 0  0.7613781493091838  0.6461896679287984  0.08417508417508417  0.02393698045871967  
 0  0.7657320329734122  0.7272489881185533  0.08707767328456982  0.022848935892414168  
 0  0.7700859166376407  0.8104843974409192  0.08417508417508417  0.02176089132610867  
 0  0.7657320329734122  0.8920877399138268  0.07836990595611286  0.02393698045871967  
