 0  0.3912980378497619  0.10543151847499672  0.09288285150354113  0.03264133698916307  
 0  0.40218274701033313  0.21260390825608216  0.09433414605828386  0.031553292422857634  
 0  0.403634041565076  0.30563171867519695  0.09723673516776953  0.03264133698916307  
 0  0.41451875072564726  0.3948513731122426  0.09578544061302678  0.0304652478565522  
 0  0.41814698711250425  0.48842320581451015  0.0914315569487982  0.0304652478565522  
 0  0.42032392894461856  0.5749227488357923  0.08998026239405547  0.031553292422857634  
 0  0.42395216533147556  0.6619663141402271  0.08852896783931273  0.02937720329024677  
 0  0.42612910716358987  0.7484658571615093  0.09288285150354131  0.030465247856552267  
 0  0.4391907581562754  0.8317012664838752  0.08998026239405547  0.027201114157635903  
 0  0.4370138163241611  0.9105844975410192  0.08272378962034142  0.023936980458719535  
 0  0.7628294438639265  0.8948078513295905  0.07836990595611286  0.022848935892414168  
 0  0.7671833275281551  0.8104843974409192  0.08417508417508417  0.02393698045871967  
 0  0.7613781493091837  0.7261609435522477  0.08707767328456982  0.022848935892414168  
 0  0.7599268547544409  0.6461896679287984  0.08707767328456982  0.0261130695913304  
 0  0.7570242656449553  0.5634982808895851  0.08707767328456982  0.02611306959133047  
 0  0.7642807384186693  0.47591069330199764  0.08707767328456982  0.031553292422857634  
 0  0.7592012074770694  0.38832310571441003  0.0856263787298269  0.02611306959133047  
 0  0.7621037965865551  0.29747138442790616  0.08272378962034142  0.027201114157635934  
 0  0.7621037965865551  0.20879575227401312  0.0914315569487982  0.0304652478565522  
 0  0.7628294438639266  0.11903207555381468  0.09868802972251244  0.0337293815554685  
