 0  0.3956519215139905  0.10543151847499672  0.09288285150354113  0.03481742612177394  
 0  0.4072622779519331  0.20933977455716588  0.09868802972251244  0.033729381555468535  
 0  0.40871357250667584  0.3067197632415023  0.09868802972251244  0.03481742612177394  
 0  0.41597004528039005  0.3948513731122426  0.09288285150354113  0.028289158723941336  
 0  0.424677812608847  0.48733516124820464  0.08998026239405565  0.028289158723941336  
 0  0.42177522349936136  0.575466771118945  0.09578544061302696  0.028289158723941336  
 0  0.429757343550447  0.6625103364233799  0.08562637872982708  0.0217608913261088  
 0  0.43265993265993263  0.7479218348783565  0.08272378962034124  0.025025025025025033  
 0  0.4413676999883896  0.8306132219175696  0.08272378962034124  0.027201114157635903  
 0  0.44209334726576105  0.9116725421073246  0.08417508417508417  0.023936980458719535  
 0  0.7693602693602692  0.11848805327066196  0.09433414605828386  0.03481742612177394  
 0  0.7650063856960407  0.20716368542455496  0.09433414605828404  0.02937720329024677  
 0  0.7686346220828978  0.29747138442790616  0.08998026239405547  0.029377203290246803  
 0  0.7657320329734122  0.3872350611481047  0.08127249506559851  0.0304652478565522  
 0  0.7664576802507836  0.47591069330199764  0.08852896783931255  0.027201114157635833  
 0  0.7635550911412979  0.5645863254558906  0.08852896783931255  0.028289158723941336  
 0  0.7657320329734122  0.6456456456456456  0.08998026239405547  0.02937720329024677  
 0  0.7642807384186693  0.7256169212690952  0.08127249506559851  0.02828915872394127  
 0  0.770811563915012  0.8115724420072244  0.08852896783931273  0.023936980458719535  
 0  0.767183327528155  0.8948078513295905  0.08127249506559851  0.022848935892414168  
