 0  0.3963775687913618  0.11141576358967663  0.10013932427725518  0.0337293815554685  
 0  0.40435968884244744  0.21641206423815118  0.10449320794148374  0.0369935152543848  
 0  0.4050853361198188  0.31107194150672407  0.09723673516776969  0.0304652478565522  
 0  0.4174213398351328  0.40029159594376984  0.08707767328456982  0.0304652478565522  
 0  0.42395216533147567  0.4916873395134264  0.09143155694879838  0.0304652478565522  
 0  0.424677812608847  0.5803629716673194  0.08998026239405565  0.027201114157635903  
 0  0.4333855799373041  0.6684945815380599  0.08998026239405547  0.027201114157635903  
 0  0.4312086381051898  0.7560821691256473  0.0914315569487982  0.02393698045871967  
 0  0.4406420527110182  0.8365974670322496  0.08707767328456982  0.023936980458719535  
 0  0.44427028909787525  0.9203768986377681  0.08272378962034124  0.023936980458719535  
 0  0.7664576802507836  0.12066414240327283  0.08562637872982708  0.028289158723941336  
 0  0.7671833275281551  0.21151586368977673  0.08998026239405547  0.02937720329024677  
 0  0.7693602693602692  0.3023675849762806  0.09143155694879838  0.02611306959133047  
 0  0.7664576802507836  0.39267528397963175  0.07982120051085577  0.02611306959133047  
 0  0.7664576802507836  0.4797188492840667  0.08852896783931255  0.02611306959133047  
 0  0.7679089748055264  0.5705705705705706  0.0856263787298269  0.02937720329024677  
 0  0.7650063856960407  0.6538059798929364  0.08272378962034142  0.023936980458719535  
 0  0.772262858469755  0.7348653000826915  0.08852896783931255  0.027201114157635903  
 0  0.775891094856612  0.8197327762545152  0.07836990595611286  0.025025025025025033  
 0  0.772262858469755  0.905144274709492  0.08562637872982708  0.02393698045871967  
