 0  0.3963775687913618  0.10978369674021848  0.09433414605828386  0.026113069591330453  
 0  0.403634041565076  0.2175001088044566  0.08852896783931273  0.0304652478565522  
 0  0.40798792522930444  0.31107194150672407  0.09723673516776969  0.0304652478565522  
 0  0.4152443980030186  0.40083561822692254  0.08852896783931273  0.02937720329024677  
 0  0.42612910716358987  0.4916873395134264  0.08998026239405547  0.02611306959133047  
 0  0.42540345988621847  0.5803629716673194  0.08852896783931273  0.022848935892414168  
 0  0.43411122721467543  0.6657744701222962  0.08852896783931273  0.0261130695913304  
 0  0.433385579937304  0.7544501022761891  0.08707767328456982  0.025025025025025033  
 0  0.4435446418205038  0.8360534447490968  0.08417508417508417  0.020672846759803302  
 0  0.4428189945431324  0.9176567872220045  0.07982120051085559  0.022848935892414168  
 0  0.7657320329734122  0.12066414240327283  0.08998026239405547  0.0304652478565522  
 0  0.7613781493091838  0.21097184140662398  0.08417508417508417  0.0282891587239413  
 0  0.7650063856960407  0.30127954040997523  0.0856263787298269  0.028289158723941336  
 0  0.7700859166376407  0.39104321713017365  0.08417508417508417  0.027201114157635903  
 0  0.7693602693602692  0.4786308047177612  0.08272378962034124  0.02611306959133047  
 0  0.7650063856960407  0.5678504591548069  0.08272378962034142  0.0261130695913304  
 0  0.7686346220828978  0.6494538016277147  0.08998026239405547  0.026113069591330536  
 0  0.7686346220828978  0.7326892109500804  0.08417508417508417  0.025025025025025033  
 0  0.7737141530244978  0.8153805979892936  0.07691861140137012  0.018496757627192436  
 0  0.772262858469755  0.901336118727423  0.08272378962034124  0.020672846759803302  
