 0  0.3978288633461047  0.1103277190233712  0.09723673516776953  0.031553292422857634  
 0  0.4050853361198188  0.21423597510554032  0.09433414605828386  0.0304652478565522  
 0  0.407262277951933  0.3088958523741132  0.08998026239405547  0.028289158723941336  
 0  0.4195982816672471  0.3992035513774644  0.09143155694879838  0.02611306959133047  
 0  0.4283060489957041  0.4916873395134264  0.0856263787298269  0.02611306959133047  
 0  0.42612910716358987  0.579274927101014  0.08998026239405547  0.027201114157635833  
 0  0.433385579937304  0.6657744701222962  0.09288285150354113  0.02176089132610867  
 0  0.43265993265993263  0.7533620577098837  0.08562637872982708  0.020672846759803302  
 0  0.44572158365261805  0.8344213778996388  0.08272378962034142  0.023936980458719535  
 0  0.44644723092998945  0.9165687426556992  0.08998026239405547  0.022848935892414168  
 0  0.7664576802507836  0.12175218696957826  0.09143155694879838  0.0304652478565522  
 0  0.7642807384186693  0.2104278191234713  0.08127249506559851  0.027201114157635868  
 0  0.7664576802507836  0.3007355181268225  0.08272378962034124  0.025025025025025033  
 0  0.7664576802507836  0.3915872394133264  0.08272378962034124  0.0239369804587196  
 0  0.7686346220828979  0.47645471558515035  0.08127249506559851  0.0261130695913304  
 0  0.7664576802507836  0.5673064368716542  0.08562637872982708  0.025025025025024968  
 0  0.7657320329734122  0.6483657570614092  0.07836990595611286  0.02393698045871967  
 0  0.7700859166376407  0.7294250772511641  0.08417508417508417  0.027201114157635903  
 0  0.772262858469755  0.814292553422988  0.07691861140136994  0.022848935892414168  
 0  0.7737141530244978  0.8986160073116595  0.07982120051085559  0.02393698045871967  
