 0  0.39202368512713337  0.10869565217391304  0.09433414605828404  0.0304652478565522  
 0  0.40435968884244733  0.2131479305392349  0.08998026239405547  0.0304652478565522  
 0  0.40798792522930444  0.3088958523741132  0.09433414605828386  0.028289158723941336  
 0  0.41451875072564714  0.39702746224485347  0.09288285150354113  0.028289158723941336  
 0  0.4225008707767328  0.490599294947121  0.09433414605828404  0.028289158723941336  
 0  0.42177522349936125  0.5749227488357923  0.08417508417508417  0.0337293815554685  
 0  0.42758040171833267  0.6641424032728379  0.08127249506559851  0.025025025025025033  
 0  0.4304829908278183  0.7506419462941202  0.08707767328456982  0.02828915872394127  
 0  0.43991640543364674  0.8349654001827914  0.0856263787298269  0.025025025025025033  
 0  0.4428189945431324  0.9149366758062409  0.0856263787298269  0.0261130695913304  
 0  0.7657320329734122  0.11903207555381468  0.08707767328456982  0.02937720329024677  
 0  0.7642807384186694  0.20879575227401312  0.08417508417508417  0.026113069591330435  
 0  0.7650063856960407  0.3001914958436697  0.08272378962034142  0.028289158723941367  
 0  0.7664576802507836  0.39104321713017365  0.08562637872982708  0.025025025025025033  
 0  0.7657320329734122  0.47482264873569213  0.08417508417508417  0.029377203290246703  
 0  0.7664576802507836  0.5678504591548069  0.08852896783931255  0.0261130695913304  
 0  0.7635550911412979  0.6461896679287984  0.08562637872982708  0.02393698045871967  
 0  0.7650063856960407  0.7299690995343169  0.08272378962034142  0.02176089132610867  
 0  0.7715372111923835  0.81266048657353  0.08707767328456982  0.02393698045871967  
 0  0.7686346220828978  0.8980719850285067  0.08417508417508417  0.020672846759803302  
