 0  0.40073145245559033  0.1103277190233712  0.09433414605828404  0.027201114157635903  
 0  0.40871357250667595  0.21641206423815118  0.09578544061302678  0.0304652478565522  
 0  0.40653663067456164  0.31052791922357137  0.09433414605828404  0.0337293815554685  
 0  0.4188726343898757  0.401923662793228  0.09288285150354113  0.02937720329024677  
 0  0.42612910716358987  0.49223136179657917  0.09288285150354131  0.027201114157635903  
 0  0.42758040171833267  0.579274927101014  0.08707767328456982  0.025025025025025033  
 0  0.433385579937304  0.6674065369717543  0.08707767328456982  0.025025025025025033  
 0  0.43265993265993263  0.7566261914088002  0.08272378962034124  0.022848935892414168  
 0  0.44572158365261805  0.8382295338817077  0.08272378962034142  0.018496757627192436  
 0  0.44572158365261805  0.9192888540714628  0.08272378962034142  0.02393698045871967  
 0  0.7679089748055264  0.12175218696957826  0.0856263787298269  0.028289158723941336  
 0  0.7679089748055264  0.21097184140662398  0.0914315569487982  0.0282891587239413  
 0  0.7693602693602692  0.3018235626931279  0.08562637872982708  0.025025025025025033  
 0  0.7664576802507836  0.3899551725638682  0.07691861140136994  0.022848935892414168  
 0  0.770811563915012  0.4786308047177612  0.0856263787298269  0.02176089132610867  
 0  0.7686346220828979  0.5689385037211123  0.08127249506559851  0.023936980458719535  
 0  0.7700859166376406  0.6538059798929364  0.08127249506559851  0.023936980458719535  
 0  0.7700859166376407  0.7348653000826914  0.08417508417508417  0.025025025025025033  
 0  0.7802449785208405  0.8197327762545152  0.08127249506559851  0.025025025025025033  
 0  0.7787936839660977  0.905144274709492  0.08417508417508417  0.0261130695913304  
