 0  0.39347497968187617  0.11195978587282934  0.09433414605828386  0.03264133698916307  
 0  0.4072622779519331  0.21804413108760934  0.09288285150354113  0.035905470688079366  
 0  0.4050853361198188  0.31270400835618223  0.09143155694879838  0.035905470688079366  
 0  0.41669569255776145  0.40137964051007524  0.08562637872982708  0.02611306959133047  
 0  0.424677812608847  0.49331940636288457  0.08998026239405565  0.025025025025025033  
 0  0.42250087077673276  0.5825390607999303  0.09143155694879838  0.022848935892414168  
 0  0.43193428538256123  0.6695826261043651  0.09288285150354113  0.020672846759803302  
 0  0.43048299082781843  0.7582582582582582  0.08998026239405547  0.0261130695913304  
 0  0.4435446418205038  0.8404056230143185  0.08417508417508417  0.025025025025025033  
 0  0.44427028909787525  0.9230970100535316  0.08272378962034124  0.027201114157635903  
 0  0.7650063856960407  0.12338425381903642  0.08852896783931273  0.03372938155546852  
 0  0.7657320329734122  0.2136919528223876  0.08998026239405547  0.031553292422857634  
 0  0.7679089748055264  0.3034556295425861  0.08272378962034142  0.028289158723941336  
 0  0.7686346220828978  0.39376332854593726  0.08998026239405547  0.028289158723941336  
 0  0.7671833275281551  0.48026287156721936  0.08998026239405547  0.022848935892414168  
 0  0.7664576802507836  0.5722026374200287  0.08272378962034124  0.028289158723941336  
 0  0.7700859166376407  0.6527179353266309  0.08998026239405547  0.0282891587239414  
 0  0.7671833275281551  0.735409322365844  0.07836990595611286  0.02828915872394127  
 0  0.7751654475792406  0.8213648431039735  0.07982120051085577  0.0261130695913304  
 0  0.7737141530244978  0.90677634155895  0.08272378962034142  0.022848935892414168  
