 0  0.39420062695924757  0.11467989728859293  0.09288285150354113  0.02937720329024677  
 0  0.40435968884244733  0.21804413108760934  0.08998026239405547  0.02937720329024677  
 0  0.4050853361198188  0.31324803063933493  0.09143155694879838  0.0304652478565522  
 0  0.41669569255776145  0.4030117073595334  0.09143155694879838  0.02937720329024677  
 0  0.4195982816672471  0.49712756234495364  0.07982120051085577  0.02611306959133047  
 0  0.42177522349936125  0.5825390607999302  0.08417508417508417  0.025025025025024968  
 0  0.4312086381051898  0.6717587152369761  0.0914315569487982  0.025025025025025033  
 0  0.4312086381051898  0.7593463028245637  0.08852896783931273  0.023936980458719535  
 0  0.4413676999883896  0.8420376898637768  0.08562637872982708  0.0282891587239414  
 0  0.4428189945431324  0.9241850546198372  0.09433414605828404  0.027201114157635903  
 0  0.7664576802507836  0.12229620925273099  0.09143155694879838  0.03590547068807939  
 0  0.7642807384186694  0.21477999738869302  0.08998026239405547  0.02937720329024677  
 0  0.7657320329734122  0.3034556295425861  0.08707767328456982  0.02611306959133047  
 0  0.7671833275281551  0.3948513731122426  0.08998026239405547  0.028289158723941336  
 0  0.7686346220828979  0.4818949384166776  0.08707767328456982  0.02611306959133047  
 0  0.7671833275281551  0.5732906819863341  0.07836990595611286  0.0239369804587196  
 0  0.7671833275281551  0.654350002176089  0.08417508417508417  0.027201114157635903  
 0  0.7715372111923835  0.7381294337816077  0.08998026239405547  0.025025025025025033  
 0  0.7758910948566119  0.8208208208208208  0.08127249506559851  0.025025025025025033  
 0  0.7744398003018691  0.9094964529747137  0.07836990595611286  0.02393698045871967  
