 0  0.38839544874027626  0.11467989728859293  0.08998026239405565  0.027201114157635885  
 0  0.40073145245559033  0.21804413108760934  0.08852896783931273  0.027201114157635903  
 0  0.4014570997329618  0.3116159637898768  0.08707767328456982  0.02937720329024677  
 0  0.41016486706141875  0.4035557296426861  0.09288285150354113  0.028289158723941336  
 0  0.4188726343898757  0.49549549549549543  0.09288285150354113  0.025025025025025033  
 0  0.4195982816672471  0.5847151499325413  0.08852896783931255  0.029377203290246835  
 0  0.4232265180541042  0.6723027375201287  0.08998026239405547  0.023936980458719535  
 0  0.42395216533147567  0.760434347390869  0.08562637872982708  0.0261130695913304  
 0  0.43991640543364674  0.8447578012795405  0.09433414605828404  0.027201114157635903  
 0  0.4391907581562753  0.926361143752448  0.08707767328456982  0.025025025025025033  
 0  0.7613781493091837  0.12392827610218915  0.09288285150354113  0.02828915872394132  
 0  0.7592012074770694  0.21477999738869302  0.0856263787298269  0.031553292422857634  
 0  0.7613781493091837  0.3050876963920442  0.08707767328456982  0.025025025025025033  
 0  0.7621037965865551  0.39539539539539537  0.0856263787298269  0.025025025025025033  
 0  0.7657320329734122  0.4813509161335248  0.08998026239405547  0.027201114157635903  
 0  0.7606525020318123  0.5732906819863341  0.08272378962034124  0.02611306959133047  
 0  0.7621037965865551  0.6554380467423945  0.0914315569487982  0.02937720329024677  
 0  0.7642807384186693  0.7386734560647604  0.08707767328456982  0.0261130695913304  
 0  0.7744398003018691  0.8240849545197372  0.08417508417508417  0.022848935892414168  
 0  0.7671833275281551  0.9094964529747137  0.07836990595611286  0.02393698045871967  
