 0  0.34630790665273414  0.09128693911302606  0.09578544061302696  0.0304652478565522  
 0  0.35864391036804827  0.19900335117726423  0.10304191338674083  0.0304652478565522  
 0  0.3579182630906768  0.29801540671105886  0.09288285150354113  0.032641336989163106  
 0  0.37097991408336234  0.3904991948470209  0.09288285150354113  0.02611306959133047  
 0  0.3796876814118193  0.4829829829829829  0.08998026239405565  0.0239369804587196  
 0  0.377510739579705  0.575466771118945  0.09143155694879838  0.028289158723941336  
 0  0.3818646232439335  0.6646864255559907  0.08272378962034142  0.02828915872394127  
 0  0.3869441541855334  0.7522740131435782  0.08417508417508417  0.020672846759803302  
 0  0.39855451062347613  0.8382295338817077  0.08707767328456982  0.020672846759803302  
 0  0.40000580517821893  0.9198328763546154  0.08998026239405547  0.025025025025025033  
 0  0.7294496691048413  0.10488749619184401  0.08998026239405547  0.027201114157635903  
 0  0.7272727272727272  0.19791530661095877  0.08562637872982708  0.028289158723941336  
 0  0.72872402182747  0.29094311703007353  0.0856263787298269  0.029377203290246734  
 0  0.7301753163822129  0.3828828828828828  0.08562637872982708  0.028289158723941336  
 0  0.7316266109369557  0.4710144927536231  0.0856263787298269  0.0239369804587196  
 0  0.7294496691048413  0.5634982808895851  0.08417508417508417  0.02611306959133047  
 0  0.72872402182747  0.646733690211951  0.0856263787298269  0.025025025025025033  
 0  0.7301753163822129  0.7310571441006223  0.08562637872982708  0.023936980458719535  
 0  0.737431789155927  0.8153805979892935  0.08272378962034142  0.020672846759803302  
 0  0.7359804946011842  0.903512207860034  0.08272378962034124  0.022848935892414168  
