 0  0.35211308487170556  0.09237498367933152  0.09578544061302678  0.02828915872394132  
 0  0.3644490885870196  0.19900335117726423  0.09433414605828404  0.03264133698916307  
 0  0.3622721467549054  0.29747138442790616  0.09288285150354113  0.033729381555468535  
 0  0.37315685591547654  0.38941115028071555  0.0914315569487982  0.0304652478565522  
 0  0.38186462324393355  0.4829829829829829  0.09143155694879838  0.02611306959133047  
 0  0.38186462324393355  0.5749227488357923  0.09143155694879838  0.027201114157635903  
 0  0.38839544874027626  0.6630543587065326  0.08707767328456982  0.025025025025025033  
 0  0.39202368512713337  0.7533620577098837  0.08852896783931273  0.025025025025025033  
 0  0.3971032160687332  0.8382295338817077  0.08707767328456982  0.025025025025025033  
 0  0.40218274701033313  0.9214649432040736  0.08272378962034124  0.02393698045871967  
 0  0.7345292000464413  0.10271140705923314  0.08852896783931273  0.031553292422857634  
 0  0.7345292000464413  0.19791530661095877  0.08852896783931273  0.028289158723941336  
 0  0.7330779054916985  0.28985507246376807  0.08562637872982708  0.027201114157635868  
 0  0.7345292000464413  0.38451494973234096  0.08852896783931273  0.027201114157635833  
 0  0.7352548473238127  0.47155851503677587  0.08707767328456982  0.027201114157635903  
 0  0.7338035527690699  0.564042303172738  0.08417508417508417  0.025025025025024968  
 0  0.7352548473238127  0.6483657570614092  0.08707767328456982  0.0261130695913304  
 0  0.7345292000464413  0.7310571441006223  0.0856263787298269  0.023936980458719535  
 0  0.7381574364332985  0.8170126648387517  0.08127249506559851  0.02393698045871967  
 0  0.7381574364332983  0.905144274709492  0.07836990595611286  0.0261130695913304  
