 0  0.3513874375943341  0.09291900596248423  0.09723673516776969  0.031553292422857655  
 0  0.36227214675490527  0.19954737346041693  0.09578544061302678  0.031553292422857634  
 0  0.3615464994775339  0.2985594289942116  0.09723673516776953  0.03155329242285767  
 0  0.3717055613607337  0.38832310571441003  0.09433414605828386  0.0304652478565522  
 0  0.38041332868919076  0.48461504983244114  0.08852896783931273  0.027201114157635903  
 0  0.38041332868919064  0.575466771118945  0.09143155694879838  0.02611306959133047  
 0  0.3891210960176477  0.6652304478391434  0.09433414605828404  0.025025025025025033  
 0  0.39129803784976197  0.7539060799930365  0.08417508417508417  0.0261130695913304  
 0  0.39855451062347613  0.8393175784480132  0.08707767328456982  0.025025025025025033  
 0  0.40290839428770453  0.9203768986377681  0.08127249506559851  0.023936980458719535  
 0  0.7338035527690698  0.10488749619184401  0.08707767328456982  0.02937720329024677  
 0  0.7294496691048414  0.19682726204465334  0.08707767328456982  0.0304652478565522  
 0  0.7323522582143271  0.29203116159637893  0.08707767328456982  0.029377203290246734  
 0  0.7345292000464413  0.38288288288288286  0.0856263787298269  0.0261130695913304  
 0  0.7330779054916985  0.47155851503677587  0.08562637872982708  0.027201114157635903  
 0  0.7330779054916985  0.5651303477390434  0.08562637872982708  0.025025025025024968  
 0  0.7330779054916985  0.6483657570614092  0.08852896783931255  0.0261130695913304  
 0  0.7345292000464413  0.7310571441006223  0.07982120051085559  0.023936980458719535  
 0  0.7403343782654126  0.816468642555599  0.08272378962034142  0.022848935892414168  
 0  0.737431789155927  0.9046002524263393  0.07982120051085559  0.025025025025025033  
