 0  0.36952861952861943  0.09618313966140053  0.09868802972251244  0.02937720329024677  
 0  0.3833159177986764  0.20281150715933324  0.09433414605828404  0.027201114157635903  
 0  0.37823638685707645  0.3007355181268225  0.09288285150354131  0.029377203290246803  
 0  0.3905723905723905  0.3932193062627845  0.09723673516776969  0.031553292422857634  
 0  0.39855451062347613  0.48733516124820464  0.09288285150354113  0.028289158723941336  
 0  0.3978288633461047  0.5765548156852505  0.09433414605828404  0.028289158723941336  
 0  0.40290839428770453  0.6668625146886017  0.10449320794148374  0.026113069591330536  
 0  0.40435968884244733  0.7566261914088  0.08998026239405547  0.02937720329024677  
 0  0.41597004528038994  0.841493667580624  0.08998026239405547  0.022848935892414168  
 0  0.4174213398351329  0.9230970100535317  0.08998026239405547  0.020672846759803302  
 0  0.7526703819807268  0.10543151847499672  0.08998026239405547  0.028289158723941336  
 0  0.7483164983164983  0.19954737346041693  0.08998026239405547  0.02937720329024677  
 0  0.751219087425984  0.29148713931322623  0.08127249506559851  0.026113069591330435  
 0  0.7504934401486125  0.3861470165817992  0.08852896783931273  0.0261130695913304  
 0  0.7490421455938696  0.47482264873569213  0.08852896783931273  0.029377203290246703  
 0  0.7526703819807268  0.567850459154807  0.08998026239405547  0.0304652478565522  
 0  0.7490421455938696  0.6521739130434783  0.08852896783931273  0.025025025025025033  
 0  0.751219087425984  0.7348653000826914  0.08707767328456982  0.022848935892414036  
 0  0.7555729710902124  0.820276798537668  0.08707767328456982  0.026113069591330536  
 0  0.754847323812841  0.9084084084084083  0.08562637872982708  0.026113069591330536  
