 0  0.394926274236619  0.11413587500544022  0.09433414605828404  0.0304652478565522  
 0  0.4050853361198188  0.21804413108760934  0.09433414605828386  0.02937720329024677  
 0  0.40435968884244733  0.31433607520564044  0.08998026239405547  0.028289158723941336  
 0  0.41451875072564726  0.4030117073595334  0.08998026239405547  0.027201114157635903  
 0  0.42177522349936136  0.49440745092919003  0.08998026239405565  0.02937720329024677  
 0  0.4195982816672471  0.5836271053662357  0.08562637872982708  0.0228489358924141  
 0  0.4312086381051898  0.6712146929538234  0.08852896783931273  0.02828915872394127  
 0  0.429757343550447  0.760434347390869  0.08562637872982708  0.0195848021934978  
 0  0.4391907581562754  0.8425817121469295  0.08998026239405547  0.022848935892414168  
 0  0.44354464182050385  0.926361143752448  0.08707767328456982  0.025025025025025033  
 0  0.7679089748055264  0.12338425381903642  0.08852896783931273  0.02937720329024675  
 0  0.7650063856960407  0.21477999738869302  0.09433414605828404  0.027201114157635903  
 0  0.7686346220828978  0.3050876963920442  0.08417508417508417  0.02937720329024677  
 0  0.7700859166376407  0.39376332854593726  0.08417508417508417  0.02611306959133047  
 0  0.7693602693602692  0.47917482700091396  0.08852896783931255  0.027201114157635903  
 0  0.7679089748055264  0.5738347042694869  0.08852896783931273  0.027201114157635903  
 0  0.7664576802507836  0.6559820690255472  0.08562637872982708  0.026113069591330536  
 0  0.7700859166376407  0.7381294337816076  0.08417508417508417  0.027201114157635903  
 0  0.7758910948566119  0.8224528876702789  0.08127249506559851  0.02176089132610867  
 0  0.7751654475792406  0.9105844975410192  0.07982120051085577  0.02828915872394127  
