 0  0.3455822593753628  0.09291900596248423  0.103041913386741  0.031553292422857655  
 0  0.35429002670381976  0.19900335117726423  0.09433414605828386  0.0304652478565522  
 0  0.3571926158133054  0.2969273621447534  0.09723673516776969  0.030465247856552236  
 0  0.36880297225124803  0.3899551725638682  0.10594450249622649  0.035905470688079366  
 0  0.37823638685707645  0.48461504983244114  0.09578544061302678  0.02937720329024677  
 0  0.3775107395797051  0.5743787265526396  0.09433414605828404  0.02611306959133047  
 0  0.3833159177986764  0.6635983809896853  0.08852896783931273  0.02393698045871967  
 0  0.38766980146290486  0.7555381468424947  0.09143155694879838  0.025025025025025033  
 0  0.398554510623476  0.8404056230143188  0.08417508417508417  0.027201114157635903  
 0  0.40218274701033313  0.9225529877703791  0.08272378962034124  0.026113069591330536  
 0  0.7258214327179844  0.10216738477608042  0.09723673516776953  0.028289158723941336  
 0  0.7258214327179844  0.19682726204465334  0.09433414605828404  0.0304652478565522  
 0  0.7265470799953557  0.28931105018061537  0.08998026239405547  0.0282891587239413  
 0  0.7309009636595842  0.38070679375027194  0.09868802972251244  0.028289158723941336  
 0  0.7301753163822129  0.4699264481873177  0.09143155694879838  0.02611306959133047  
 0  0.72872402182747  0.5634982808895851  0.0856263787298269  0.028289158723941336  
 0  0.7294496691048413  0.6478217347782566  0.08998026239405547  0.027201114157635903  
 0  0.7338035527690698  0.7310571441006223  0.08127249506559851  0.0195848021934978  
 0  0.7396087309880411  0.81864473168821  0.08127249506559851  0.025025025025025033  
 0  0.7381574364332985  0.9040562301431865  0.08707767328456982  0.02828915872394127  
