 0  0.3557413212585626  0.08911084998041519  0.10013932427725535  0.03481742612177394  
 0  0.36517473586439103  0.19900335117726423  0.09868802972251244  0.0304652478565522  
 0  0.3644490885870196  0.295839317578448  0.09433414605828404  0.028289158723941367  
 0  0.3724312086381051  0.3888671279975628  0.09868802972251244  0.0337293815554685  
 0  0.38259027052130495  0.48461504983244114  0.08998026239405565  0.027201114157635903  
 0  0.3833159177986763  0.5760107934020977  0.09143155694879838  0.025025025025025033  
 0  0.3927493324045047  0.6652304478391434  0.08998026239405547  0.027201114157635903  
 0  0.39202368512713337  0.7560821691256473  0.0856263787298269  0.02393698045871967  
 0  0.4029083942877046  0.8409496452974713  0.08998026239405547  0.02828915872394127  
 0  0.40435968884244733  0.9252730991861426  0.08417508417508417  0.025025025025025033  
 0  0.7381574364332983  0.10162336249292771  0.08998026239405547  0.031553292422857634  
 0  0.737431789155927  0.1957392174783479  0.08852896783931273  0.0282891587239413  
 0  0.737431789155927  0.28985507246376807  0.0914315569487982  0.0315532924228576  
 0  0.7381574364332983  0.3828828828828828  0.08998026239405547  0.028289158723941336  
 0  0.741060025542784  0.4726465596030813  0.08998026239405547  0.027201114157635903  
 0  0.7352548473238127  0.5640423031727378  0.08707767328456982  0.027201114157635903  
 0  0.7381574364332983  0.6510858684771728  0.08998026239405547  0.02937720329024677  
 0  0.7417856728201555  0.7332332332332333  0.08272378962034124  0.023936980458719535  
 0  0.7468652037617554  0.8208208208208208  0.08417508417508433  0.027201114157635903  
 0  0.7439626146522696  0.9089524306915611  0.07836990595611286  0.022848935892414168  
