 0  0.35429002670381976  0.09019889454672063  0.09433414605828386  0.03264133698916307  
 0  0.3637234413096482  0.20063541802672236  0.09578544061302678  0.02937720329024677  
 0  0.36735167769650523  0.29747138442790616  0.0914315569487982  0.029377203290246803  
 0  0.37678509230233365  0.3904991948470209  0.09578544061302696  0.028289158723941336  
 0  0.3869441541855334  0.4851590721155938  0.09868802972251262  0.03264133698916307  
 0  0.38476721235341915  0.579274927101014  0.09433414605828404  0.02937720329024677  
 0  0.39347497968187617  0.6668625146886017  0.08562637872982708  0.0217608913261088  
 0  0.3905723905723905  0.7588022805414109  0.09143155694879838  0.025025025025025033  
 0  0.40435968884244733  0.8442137789963876  0.08998026239405547  0.02176089132610867  
 0  0.40653663067456164  0.9274491883187536  0.08852896783931273  0.02937720329024677  
 0  0.7417856728201555  0.10107934020977498  0.08562637872982708  0.02828915872394132  
 0  0.741060025542784  0.1957392174783479  0.08998026239405547  0.0304652478565522  
 0  0.741060025542784  0.29148713931322623  0.08707767328456982  0.026113069591330435  
 0  0.7439626146522698  0.3834269051660356  0.08707767328456982  0.027201114157635833  
 0  0.7403343782654126  0.47319058188623403  0.0856263787298269  0.023936980458719535  
 0  0.741060025542784  0.5662183923053489  0.08707767328456982  0.025025025025024968  
 0  0.7403343782654126  0.6516298907603254  0.0856263787298269  0.023936980458719535  
 0  0.7439626146522698  0.7370413892153022  0.08707767328456982  0.022848935892414168  
 0  0.7504934401486125  0.8229969099534317  0.0856263787298269  0.025025025025025033  
 0  0.7497677928712411  0.9116725421073246  0.08127249506559851  0.030465247856552136  
