 0  0.35429002670381976  0.09237498367933152  0.09723673516776969  0.032641336989163085  
 0  0.36735167769650523  0.20063541802672236  0.10013932427725535  0.031553292422857634  
 0  0.36735167769650523  0.2985594289942116  0.10013932427725535  0.03155329242285767  
 0  0.3760594450249622  0.39267528397963175  0.10013932427725535  0.02611306959133047  
 0  0.3876698014629048  0.4878791835313574  0.09433414605828404  0.027201114157635903  
 0  0.3869441541855334  0.5787309048178614  0.09288285150354131  0.0304652478565522  
 0  0.39347497968187617  0.6695826261043651  0.08852896783931255  0.02937720329024677  
 0  0.3927493324045048  0.760434347390869  0.09288285150354113  0.0261130695913304  
 0  0.4058109833971902  0.8463898681289985  0.09288285150354113  0.0261130695913304  
 0  0.40798792522930444  0.9307133220176698  0.09143155694879838  0.025025025025025033  
 0  0.7417856728201555  0.1016233624929277  0.08852896783931255  0.03372938155546852  
 0  0.7403343782654126  0.19737128432780607  0.0914315569487982  0.02937720329024677  
 0  0.7417856728201555  0.29148713931322623  0.09143155694879838  0.032641336989163036  
 0  0.7439626146522698  0.3850589720154937  0.09288285150354113  0.02828915872394127  
 0  0.7432369673748983  0.47482264873569213  0.09433414605828404  0.025025025025024968  
 0  0.7432369673748984  0.567850459154807  0.09143155694879838  0.028289158723941336  
 0  0.7446882619296412  0.6538059798929364  0.08852896783931273  0.026113069591330536  
 0  0.7439626146522696  0.7403055229142186  0.08417508417508417  0.027201114157635903  
 0  0.751219087425984  0.8262610436523479  0.08127249506559851  0.022848935892414168  
 0  0.7490421455938697  0.9154806980893937  0.08562637872982708  0.025025025025025033  
