 0  0.36227214675490527  0.079862471166819  0.10159061883199809  0.03372938155546851  
 0  0.3738825031928479  0.18812290551420985  0.09578544061302678  0.03481742612177394  
 0  0.37097991408336234  0.28931105018061537  0.10449320794148374  0.0369935152543848  
 0  0.3833159177986764  0.38451494973234096  0.10594450249622667  0.035905470688079436  
 0  0.394926274236619  0.4829829829829829  0.10594450249622667  0.03264133698916307  
 0  0.39202368512713326  0.5760107934020977  0.09723673516776969  0.027201114157635903  
 0  0.40000580517821893  0.6690386038212124  0.09578544061302678  0.030465247856552267  
 0  0.4014570997329617  0.7598903251077164  0.09578544061302678  0.02937720329024677  
 0  0.41234180889353295  0.8480219349784567  0.0914315569487982  0.025025025025025033  
 0  0.41597004528039005  0.9328894111502806  0.09288285150354113  0.025025025025025033  
 0  0.7584755601996981  0.08965487226356791  0.10159061883199809  0.0337293815554685  
 0  0.7570242656449552  0.185946816381599  0.09578544061302678  0.0304652478565522  
 0  0.7570242656449553  0.28278278278278274  0.09868802972251244  0.03264133698916307  
 0  0.758475560199698  0.3785307046176611  0.09288285150354113  0.0304652478565522  
 0  0.758475560199698  0.46829438133785956  0.09288285150354113  0.027201114157635903  
 0  0.7577499129223266  0.565674370022196  0.09433414605828386  0.0304652478565522  
 0  0.7577499129223266  0.6548940244592418  0.09433414605828386  0.03264133698916313  
 0  0.7606525020318123  0.7397615006310657  0.09143155694879838  0.026113069591330536  
 0  0.7635550911412979  0.8295251773512642  0.08562637872982708  0.025025025025025033  
 0  0.7621037965865551  0.9198328763546154  0.09433414605828404  0.02937720329024677  
