 0  0.3659003831417624  0.0956391173782478  0.09723673516776969  0.03264133698916307  
 0  0.37460815047021934  0.2055316185750968  0.09433414605828386  0.03264133698916307  
 0  0.37678509230233365  0.30345562954258604  0.10159061883199827  0.03481742612177397  
 0  0.38839544874027626  0.398115506811159  0.09578544061302696  0.03264133698916307  
 0  0.3963775687913618  0.4927753840797319  0.09723673516776969  0.028289158723941336  
 0  0.39420062695924757  0.5847151499325413  0.09868802972251244  0.03372938155546857  
 0  0.3992801579008475  0.6761108935021979  0.09723673516776969  0.027201114157635903  
 0  0.39855451062347613  0.7675066370718545  0.09868802972251244  0.02937720329024677  
 0  0.41451875072564714  0.855094224659442  0.09868802972251244  0.0261130695913304  
 0  0.4130674561709043  0.9399617008312661  0.08998026239405547  0.030465247856552267  
 0  0.7555729710902124  0.10651956304130215  0.09288285150354113  0.03264133698916307  
 0  0.7512190874259839  0.20117944030987508  0.08998026239405547  0.0304652478565522  
 0  0.7526703819807267  0.2952952952952953  0.09288285150354113  0.03155329242285767  
 0  0.7562986183675838  0.3888671279975628  0.0914315569487982  0.02937720329024677  
 0  0.7533960292580981  0.4797188492840667  0.0914315569487982  0.028289158723941336  
 0  0.7533960292580981  0.5765548156852505  0.0914315569487982  0.0304652478565522  
 0  0.7555729710902124  0.660334247290769  0.09288285150354113  0.02828915872394127  
 0  0.7570242656449553  0.746833790312051  0.09288285150354113  0.022848935892414168  
 0  0.7599268547544409  0.8349654001827913  0.09288285150354113  0.027201114157635903  
 0  0.7621037965865551  0.926361143752448  0.0914315569487982  0.027201114157635903  
