 0  0.3521130848717055  0.09509509509509509  0.10449320794148374  0.031553292422857634  
 0  0.3637234413096481  0.20335552944248594  0.09868802972251244  0.03481742612177394  
 0  0.3615464994775339  0.3012795404099752  0.09723673516776953  0.03481742612177397  
 0  0.3753337977475908  0.39376332854593726  0.10159061883199809  0.0304652478565522  
 0  0.38476721235341915  0.48842320581451015  0.09433414605828404  0.0304652478565522  
 0  0.38259027052130495  0.5809069939504722  0.08998026239405565  0.0304652478565522  
 0  0.38839544874027626  0.6728467598032816  0.09578544061302696  0.02937720329024677  
 0  0.3891210960176477  0.7636984810897854  0.09433414605828404  0.0282891587239414  
 0  0.4000058051782189  0.8512860686773729  0.09288285150354113  0.02937720329024677  
 0  0.403634041565076  0.9328894111502808  0.08852896783931273  0.027201114157635903  
 0  0.7345292000464413  0.1043434739086913  0.09433414605828404  0.0304652478565522  
 0  0.7330779054916985  0.19900335117726423  0.09143155694879838  0.0304652478565522  
 0  0.7367061418785557  0.29366322844583714  0.08998026239405547  0.0282891587239413  
 0  0.7388830837106698  0.38669103886495193  0.08852896783931255  0.027201114157635903  
 0  0.7396087309880411  0.47645471558515035  0.08707767328456982  0.0261130695913304  
 0  0.7381574364332983  0.5700265482874178  0.08998026239405547  0.02611306959133047  
 0  0.7381574364332983  0.6565260913087  0.08998026239405547  0.027201114157635903  
 0  0.742511320097527  0.7408495451973712  0.08998026239405547  0.0261130695913304  
 0  0.7483164983164983  0.8289811550681115  0.08998026239405547  0.0282891587239414  
 0  0.7483164983164983  0.9192888540714628  0.08707767328457  0.0282891587239414  
