 0  0.35211308487170556  0.09346302824563694  0.09578544061302678  0.0304652478565522  
 0  0.3629977940322767  0.20172346259302779  0.09433414605828386  0.031553292422857634  
 0  0.36517473586439103  0.3012795404099752  0.09288285150354113  0.030465247856552236  
 0  0.37460815047021934  0.39267528397963175  0.09433414605828386  0.0304652478565522  
 0  0.3833159177986763  0.48842320581451015  0.09723673516776969  0.0304652478565522  
 0  0.38041332868919076  0.5798189493841667  0.09433414605828404  0.0261130695913304  
 0  0.38984674329501906  0.6706706706706705  0.09288285150354131  0.022848935892414168  
 0  0.3891210960176476  0.7626104365234799  0.09723673516776969  0.0261130695913304  
 0  0.40000580517821893  0.8480219349784566  0.08998026239405547  0.027201114157635903  
 0  0.40073145245559033  0.9318013665839753  0.09433414605828404  0.025025025025025033  
 0  0.737431789155927  0.10379945162553858  0.09433414605828404  0.031553292422857634  
 0  0.7367061418785555  0.19791530661095877  0.09288285150354113  0.0304652478565522  
 0  0.7417856728201555  0.2931192061626844  0.09433414605828404  0.029377203290246734  
 0  0.7439626146522698  0.38451494973234096  0.08998026239405565  0.031553292422857704  
 0  0.742511320097527  0.4753666710188449  0.09288285150354131  0.02828915872394127  
 0  0.7403343782654126  0.5705705705705706  0.08852896783931273  0.027201114157635903  
 0  0.7403343782654126  0.6559820690255472  0.0914315569487982  0.030465247856552267  
 0  0.7446882619296411  0.7381294337816076  0.09143155694879838  0.027201114157635903  
 0  0.7475908510391268  0.8273490882186535  0.08852896783931273  0.027201114157635903  
 0  0.7446882619296412  0.9165687426556992  0.09433414605828404  0.02937720329024677  
