 0  0.36227214675490527  0.0831266048657353  0.09578544061302678  0.0337293815554685  
 0  0.3724312086381051  0.19193106149627887  0.09868802972251244  0.0337293815554685  
 0  0.3731568559154766  0.29148713931322623  0.103041913386741  0.03481742612177397  
 0  0.3818646232439335  0.3872350611481047  0.09433414605828404  0.03481742612177394  
 0  0.3891210960176476  0.4824389606998303  0.09723673516776969  0.027201114157635903  
 0  0.39057239057239046  0.5765548156852504  0.10013932427725535  0.032641336989163  
 0  0.3978288633461047  0.6701266483875179  0.0914315569487982  0.030465247856552136  
 0  0.3963775687913618  0.7615223919571744  0.09433414605828386  0.02828915872394127  
 0  0.4072622779519331  0.8501980241110675  0.09288285150354113  0.031553292422857634  
 0  0.41234180889353295  0.9350655002828915  0.0914315569487982  0.027201114157635903  
 0  0.7541216765354696  0.09128693911302606  0.09288285150354113  0.03264133698916307  
 0  0.7526703819807267  0.18866692779736258  0.09578544061302696  0.0337293815554685  
 0  0.7512190874259839  0.2844148496322409  0.09578544061302678  0.02937720329024677  
 0  0.7577499129223266  0.38016277146711924  0.09433414605828386  0.031553292422857634  
 0  0.7562986183675838  0.4710144927536231  0.0914315569487982  0.0304652478565522  
 0  0.7526703819807268  0.567850459154807  0.08998026239405547  0.0304652478565522  
 0  0.7541216765354696  0.6559820690255472  0.08998026239405547  0.030465247856552267  
 0  0.754847323812841  0.741393567480524  0.08852896783931255  0.027201114157635903  
 0  0.7606525020318123  0.8306132219175696  0.08562637872982708  0.027201114157635903  
 0  0.7592012074770694  0.9225529877703791  0.09433414605828404  0.02828915872394127  
