 0  0.3629977940322767  0.07551029290159725  0.10013932427725518  0.0337293815554685  
 0  0.7628294438639265  0.08421464943204073  0.10159061883199809  0.03590547068807939  
 0  0.3731568559154766  0.18703486094790442  0.103041913386741  0.03264133698916307  
 0  0.7577499129223266  0.18105061583322454  0.09723673516776969  0.033729381555468535  
 0  0.37823638685707645  0.28822300561430997  0.10159061883199809  0.032641336989163036  
 0  0.3854928596307906  0.3828828828828828  0.10159061883199827  0.03264133698916307  
 0  0.3963775687913618  0.4813509161335248  0.09723673516776969  0.027201114157635903  
 0  0.39420062695924757  0.5749227488357923  0.09288285150354113  0.02937720329024677  
 0  0.4029083942877046  0.667950559254907  0.10159061883199809  0.030465247856552136  
 0  0.40290839428770453  0.7609783696740219  0.09288285150354113  0.0250250250250249  
 0  0.4152443980030186  0.8491099795447622  0.0856263787298269  0.022848935892414168  
 0  0.41669569255776145  0.9345214779997388  0.08562637872982708  0.02393698045871967  
 0  0.7592012074770694  0.278430604517561  0.09433414605828404  0.028289158723941336  
 0  0.7664576802507836  0.37472254863559207  0.09143155694879838  0.02937720329024677  
 0  0.7650063856960407  0.4672063367715541  0.09433414605828404  0.031553292422857634  
 0  0.7621037965865551  0.5645863254558906  0.08852896783931273  0.028289158723941336  
 0  0.7635550911412979  0.6516298907603254  0.09143155694879838  0.030465247856552267  
 0  0.7635550911412979  0.7403055229142186  0.08852896783931255  0.025025025025025033  
 0  0.770811563915012  0.8295251773512642  0.0856263787298269  0.025025025025025033  
 0  0.7686346220828979  0.9225529877703791  0.08707767328456982  0.026113069591330536  
