 0  0.35791826309067687  0.08095051573312442  0.10159061883199809  0.02937720329024677  
 0  0.36880297225124803  0.19138703921312614  0.09433414605828386  0.03264133698916307  
 0  0.36662603041913383  0.29094311703007353  0.09578544061302678  0.029377203290246734  
 0  0.3811389759665621  0.38832310571441003  0.09578544061302678  0.0304652478565522  
 0  0.38766980146290486  0.4862471166818993  0.09723673516776969  0.0304652478565522  
 0  0.3869441541855334  0.579274927101014  0.09578544061302678  0.027201114157635833  
 0  0.39420062695924757  0.6733907820864342  0.09288285150354113  0.0261130695913304  
 0  0.39347497968187617  0.7680506593550072  0.08852896783931255  0.0261130695913304  
 0  0.4072622779519331  0.8572703137920529  0.08707767328456982  0.026113069591330536  
 0  0.4072622779519331  0.9421377899638768  0.08707767328456982  0.023936980458719535  
 0  0.7541216765354696  0.08965487226356791  0.09288285150354113  0.031553292422857634  
 0  0.7526703819807267  0.1864908386647517  0.09288285150354113  0.035905470688079366  
 0  0.754847323812841  0.2844148496322409  0.09433414605828386  0.031553292422857634  
 0  0.7577499129223266  0.38016277146711924  0.09433414605828386  0.02937720329024677  
 0  0.7570242656449552  0.4742786264525395  0.08998026239405547  0.02828915872394127  
 0  0.7577499129223266  0.5711145928537232  0.09723673516776969  0.0304652478565522  
 0  0.7555729710902125  0.6614222918570745  0.08998026239405547  0.0282891587239414  
 0  0.758475560199698  0.7468337903120512  0.09288285150354113  0.02937720329024677  
 0  0.7642807384186693  0.8387735561648605  0.09288285150354113  0.026113069591330536  
 0  0.7628294438639266  0.930169299734517  0.09288285150354113  0.030465247856552136  
