 0  0.35283873214907696  0.06571789180484833  0.10594450249622667  0.03590547068807938  
 0  0.3637234413096482  0.1777864821343082  0.10159061883199809  0.031553292422857634  
 0  0.3644490885870196  0.2806066936501719  0.10594450249622667  0.03481742612177394  
 0  0.37605944502496225  0.3785307046176611  0.103041913386741  0.03264133698916307  
 0  0.38476721235341915  0.4769987378683031  0.09433414605828404  0.027201114157635903  
 0  0.38186462324393355  0.5727466597031814  0.09723673516776969  0.035905470688079366  
 0  0.3927493324045047  0.6663184924054488  0.09868802972251262  0.02937720329024677  
 0  0.3912980378497619  0.7609783696740218  0.09578544061302696  0.02937720329024677  
 0  0.4029083942877046  0.8507420463942202  0.09578544061302678  0.0282891587239414  
 0  0.4050853361198188  0.9399617008312661  0.09143155694879838  0.02828915872394127  
 0  0.7621037965865551  0.07333420376898638  0.09723673516776953  0.031553292422857634  
 0  0.7584755601996981  0.17234625930278102  0.10159061883199809  0.031553292422857634  
 0  0.7570242656449553  0.27244635940288114  0.09288285150354113  0.033729381555468535  
 0  0.7606525020318123  0.3709143926535231  0.103041913386741  0.02611306959133047  
 0  0.7606525020318123  0.4672063367715541  0.10013932427725518  0.0337293815554685  
 0  0.7592012074770694  0.5640423031727378  0.09433414605828404  0.027201114157635903  
 0  0.7584755601996981  0.654350002176089  0.09578544061302678  0.031553292422857634  
 0  0.7592012074770694  0.7419375897636767  0.09723673516776953  0.026113069591330536  
 0  0.7642807384186694  0.8344213778996388  0.08998026239405547  0.030465247856552267  
 0  0.7628294438639266  0.928537232885059  0.08707767328456982  0.027201114157635903  
