 0  0.3854928596307906  0.1043434739086913  0.10159061883199827  0.03481742612177394  
 0  0.3949262742366189  0.21423597510554032  0.103041913386741  0.03481742612177394  
 0  0.3963775687913618  0.3137920529224877  0.10013932427725518  0.0337293815554685  
 0  0.40871357250667595  0.4084519301910606  0.09578544061302678  0.031553292422857634  
 0  0.41669569255776145  0.5041998520259389  0.09723673516776969  0.03372938155546857  
 0  0.41669569255776145  0.5972276624450538  0.09433414605828386  0.0304652478565522  
 0  0.4290316962730755  0.6918875397136267  0.09578544061302678  0.02828915872394127  
 0  0.4268547544409612  0.7838273055664359  0.08852896783931273  0.031553292422857634  
 0  0.4406420527110182  0.8752230491360926  0.09288285150354113  0.02937720329024677  
 0  0.43846511087890394  0.9622666144405275  0.09433414605828386  0.031553292422857634  
 0  0.7831475676303261  0.1070635853244549  0.10159061883199827  0.04025764895330112  
 0  0.7787936839660977  0.20607564085824953  0.10449320794148392  0.0337293815554685  
 0  0.780970625798212  0.30345562954258604  0.10013932427725535  0.03481742612177397  
 0  0.7867758040171833  0.3964834399617008  0.09433414605828404  0.031553292422857634  
 0  0.7889527458492975  0.49223136179657917  0.09868802972251244  0.031553292422857634  
 0  0.784598862185069  0.5879792836314575  0.09288285150354131  0.02720111415763597  
 0  0.7889527458492975  0.6766549157853505  0.09288285150354113  0.032641336989163  
 0  0.789678393126669  0.7658745702223962  0.09433414605828404  0.03481742612177387  
 0  0.7976605131777545  0.858902380641511  0.08998026239405547  0.027201114157635903  
 0  0.7962092186230116  0.9524742133437785  0.08998026239405547  0.027201114157635903  
