 0  0.3651747358643909  0.10053531792662226  0.10159061883199809  0.03372938155546852  
 0  0.7795193312434691  0.1043434739086913  0.10013932427725535  0.03264133698916307  
 0  0.37605944502496225  0.2136919528223876  0.103041913386741  0.02937720329024677  
 0  0.7751654475792406  0.20335552944248594  0.09723673516776969  0.0304652478565522  
 0  0.37678509230233365  0.3181442311877094  0.10739579705096958  0.035905470688079366  
 0  0.7795193312434692  0.30617574095834965  0.103041913386741  0.035905470688079366  
 0  0.3869441541855334  0.4155242198720459  0.09868802972251262  0.02828915872394127  
 0  0.7824219203529548  0.40573181877529696  0.09723673516776969  0.0304652478565522  
 0  0.3927493324045047  0.5150802976889933  0.09868802972251262  0.027201114157635903  
 0  0.780970625798212  0.5025677851764807  0.10594450249622667  0.03264133698916307  
 0  0.39420062695924757  0.6119162640901771  0.10449320794148374  0.03372938155546864  
 0  0.7795193312434692  0.604299952126039  0.10884709160571232  0.031553292422857565  
 0  0.403634041565076  0.7082082082082083  0.10013932427725535  0.030465247856552267  
 0  0.7816962730755833  0.696783740262001  0.10159061883199809  0.031553292422857634  
 0  0.40435968884244733  0.8061322191756974  0.09578544061302678  0.03264133698916313  
 0  0.7816962730755833  0.7887235061148105  0.09868802972251262  0.026113069591330536  
 0  0.41234180889353295  0.8964399181790486  0.09433414605828404  0.030465247856552136  
 0  0.7889527458492975  0.8850154502328414  0.09868802972251244  0.027201114157635903  
 0  0.41685533495878324  0.9860077468773121  0.10045860907929877  0.026809418113766033  
 0  0.7860501567398118  0.9818514166340252  0.09868802972251244  0.027201114157635903  
