 0  0.36227214675490527  0.09183096139617877  0.09578544061302678  0.031553292422857634  
 0  0.7650063856960407  0.0956391173782478  0.0914315569487982  0.0304652478565522  
 0  0.37460815047021934  0.20063541802672236  0.09433414605828386  0.0337293815554685  
 0  0.7613781493091837  0.1924750837794316  0.09288285150354113  0.028289158723941336  
 0  0.377510739579705  0.3012795404099752  0.09723673516776969  0.0391696043869957  
 0  0.7642807384186694  0.292031161596379  0.09578544061302678  0.033729381555468535  
 0  0.38621850690816206  0.3986595290943117  0.10013932427725535  0.035905470688079366  
 0  0.3942006269592476  0.4949514732123428  0.08998026239405547  0.028289158723941336  
 0  0.394926274236619  0.5912434173303739  0.09433414605828404  0.029377203290246835  
 0  0.40435968884244733  0.6831831831831832  0.10159061883199809  0.02828915872394127  
 0  0.40290839428770453  0.7772990381686035  0.09288285150354113  0.022848935892414168  
 0  0.4152443980030186  0.8654306480393438  0.0914315569487982  0.022848935892414168  
 0  0.4174213398351328  0.9541062801932366  0.08707767328456982  0.030465247856552267  
 0  0.7650063856960407  0.3899551725638682  0.08852896783931273  0.02937720329024677  
 0  0.7686346220828978  0.4829829829829829  0.08998026239405547  0.028289158723941336  
 0  0.7642807384186694  0.579274927101014  0.10159061883199809  0.0337293815554685  
 0  0.7671833275281551  0.6684945815380597  0.09578544061302678  0.02937720329024677  
 0  0.7693602693602692  0.7577142359751055  0.09143155694879838  0.02937720329024677  
 0  0.7766167421339834  0.8491099795447622  0.09433414605828404  0.022848935892414168  
 0  0.7751654475792406  0.9426818122470296  0.08852896783931255  0.031553292422857634  
