 0  0.35646696853593396  0.07224615920268095  0.10159061883199809  0.03372938155546851  
 0  0.37097991408336234  0.1864908386647517  0.10449320794148374  0.035905470688079366  
 0  0.36735167769650523  0.2903990947469208  0.10594450249622667  0.0348174261217739  
 0  0.37823638685707645  0.3904991948470209  0.09868802972251262  0.03264133698916307  
 0  0.38839544874027626  0.490599294947121  0.10449320794148374  0.03481742612177394  
 0  0.3847672123534192  0.5863472167819994  0.103041913386741  0.034817426121774  
 0  0.3934749796818761  0.6826391609000304  0.10594450249622667  0.0337293815554685  
 0  0.3963775687913618  0.7783870827349088  0.09433414605828386  0.02937720329024677  
 0  0.40798792522930444  0.8697828263045655  0.09433414605828386  0.027201114157635903  
 0  0.40871357250667595  0.9600905253079165  0.08998026239405547  0.027201114157635903  
 0  0.7729885057471264  0.07768638203420812  0.10159061883199809  0.03155329242285764  
 0  0.7686346220828978  0.17887452670061366  0.10159061883199809  0.033729381555468535  
 0  0.770811563915012  0.2800626713670192  0.10594450249622667  0.035905470688079366  
 0  0.7751654475792406  0.37961874918396654  0.09723673516776969  0.0304652478565522  
 0  0.7744398003018691  0.47645471558515035  0.08998026239405547  0.03264133698916307  
 0  0.7700859166376407  0.579274927101014  0.09578544061302678  0.02937720329024677  
 0  0.7700859166376407  0.6706706706706705  0.09578544061302678  0.0250250250250249  
 0  0.7715372111923835  0.7620664142403273  0.09578544061302678  0.027201114157635767  
 0  0.7816962730755833  0.8561822692257475  0.09288285150354131  0.0282891587239414  
 0  0.7780680366887263  0.9530182356269312  0.09433414605828386  0.0282891587239414  
