 0  0.3608208522001625  0.10216738477608042  0.10159061883199809  0.03264133698916307  
 0  0.377510739579705  0.2082517299908604  0.09723673516776969  0.0337293815554685  
 0  0.3796876814118193  0.30726378552465505  0.09578544061302696  0.035905470688079366  
 0  0.3927493324045047  0.3959394176785481  0.10159061883199809  0.0369935152543848  
 0  0.4058109833971903  0.4927753840797319  0.09578544061302678  0.028289158723941336  
 0  0.4094392197840473  0.5819950385167776  0.09433414605828404  0.030465247856552267  
 0  0.4210495762219899  0.6728467598032816  0.09433414605828404  0.02937720329024677  
 0  0.42177522349936136  0.7658745702223962  0.09578544061302696  0.0282891587239414  
 0  0.43773946360153254  0.8518300909605258  0.09868802972251244  0.030465247856552267  
 0  0.4413676999883896  0.9383296339818078  0.09433414605828386  0.027201114157635903  
 0  0.7475908510391268  0.09672716194455325  0.09433414605828404  0.03264133698916307  
 0  0.7475908510391268  0.1930191060625843  0.09723673516776969  0.0337293815554685  
 0  0.7555729710902124  0.2876789833311572  0.09288285150354113  0.0337293815554685  
 0  0.7628294438639265  0.3817948383165774  0.10159061883199809  0.03264133698916307  
 0  0.7679089748055264  0.4721025373199286  0.09723673516776953  0.0304652478565522  
 0  0.7679089748055264  0.5673064368716543  0.0914315569487982  0.02937720329024677  
 0  0.770811563915012  0.6527179353266309  0.09433414605828404  0.03264133698916313  
 0  0.7780680366887263  0.7386734560647604  0.09433414605828386  0.03264133698916313  
 0  0.7889527458492975  0.827893110501806  0.09288285150354113  0.030465247856552267  
 0  0.7904040404040403  0.9192888540714628  0.08998026239405547  0.030465247856552136  
