 0  0.3659003831417624  0.09999129564346955  0.103041913386741  0.0304652478565522  
 0  0.3775107395797051  0.2077077077077077  0.10013932427725535  0.03264133698916307  
 0  0.38259027052130495  0.30617574095834965  0.09868802972251244  0.0337293815554685  
 0  0.398554510623476  0.3975714845280062  0.09578544061302678  0.031553292422857634  
 0  0.4108905143387901  0.4911433172302737  0.09433414605828386  0.02937720329024677  
 0  0.41451875072564726  0.5809069939504722  0.09578544061302678  0.03481742612177394  
 0  0.4232265180541042  0.6755668712190451  0.09578544061302678  0.03264133698916313  
 0  0.42612910716358987  0.766418592505549  0.09868802972251262  0.02937720329024677  
 0  0.4413676999883896  0.8534621578099839  0.09143155694879838  0.027201114157635903  
 0  0.44572158365261805  0.9415937676807241  0.09433414605828404  0.02937720329024677  
 0  0.7562986183675838  0.09727118422770596  0.10013932427725535  0.02937720329024677  
 0  0.754847323812841  0.19138703921312614  0.09143155694879838  0.02611306959133047  
 0  0.7657320329734122  0.2844148496322409  0.09288285150354113  0.02937720329024677  
 0  0.7700859166376406  0.37961874918396654  0.09868802972251244  0.0304652478565522  
 0  0.7715372111923835  0.4726465596030813  0.08998026239405547  0.025025025025024968  
 0  0.7744398003018691  0.5689385037211123  0.08998026239405547  0.028289158723941336  
 0  0.7795193312434691  0.6543500021760891  0.0914315569487982  0.02937720329024677  
 0  0.7831475676303261  0.7435696566131348  0.10159061883199827  0.02937720329024677  
 0  0.7962092186230116  0.8333333333333333  0.09578544061302678  0.030465247856552136  
 0  0.7962092186230116  0.9247290769029898  0.08998026239405547  0.026113069591330536  
