 0  0.3680773249738766  0.09999129564346955  0.09578544061302678  0.02828915872394132  
 0  0.38041332868919076  0.2055316185750968  0.08852896783931273  0.0304652478565522  
 0  0.38404156507604775  0.3050876963920442  0.09578544061302678  0.02937720329024677  
 0  0.3978288633461047  0.3975714845280062  0.09433414605828404  0.02937720329024677  
 0  0.4130674561709044  0.4911433172302737  0.09288285150354113  0.031553292422857634  
 0  0.4108905143387901  0.5830830830830831  0.09433414605828386  0.0304652478565522  
 0  0.42395216533147567  0.6750228489358925  0.09723673516776969  0.02937720329024677  
 0  0.4254034598862184  0.7675066370718545  0.09143155694879838  0.025025025025025033  
 0  0.43991640543364674  0.8545502023762893  0.08852896783931273  0.025025025025025033  
 0  0.44572158365261805  0.9394176785481132  0.09433414605828404  0.027201114157635903  
 0  0.7541216765354696  0.09618313966140053  0.09288285150354113  0.02937720329024677  
 0  0.7541216765354696  0.19084301692997344  0.08998026239405547  0.027201114157635903  
 0  0.7613781493091838  0.28550289419854635  0.08998026239405547  0.027201114157635868  
 0  0.767183327528155  0.3812508160334247  0.08707767328456982  0.025025025025025033  
 0  0.7751654475792407  0.4726465596030813  0.10594450249622667  0.031553292422857634  
 0  0.7729885057471263  0.5673064368716542  0.09288285150354113  0.027201114157635833  
 0  0.7751654475792406  0.6554380467423945  0.08562637872982708  0.025025025025025033  
 0  0.7831475676303261  0.7441136788962874  0.08417508417508417  0.026113069591330536  
 0  0.7925809822361546  0.8322452887670277  0.08272378962034142  0.02828915872394127  
 0  0.7954835713456403  0.9269051660356008  0.0856263787298269  0.026113069591330536  
