 0  0.3615464994775339  0.09781520651085868  0.09433414605828404  0.028289158723941336  
 0  0.37605944502496225  0.20335552944248594  0.09723673516776969  0.0304652478565522  
 0  0.3796876814118193  0.30291160725943334  0.09578544061302696  0.02937720329024677  
 0  0.394926274236619  0.3959394176785481  0.09433414605828404  0.028289158723941336  
 0  0.4050853361198188  0.49223136179657917  0.09433414605828386  0.020672846759803302  
 0  0.4094392197840473  0.5852591722156939  0.09433414605828404  0.02611306959133047  
 0  0.41814698711250425  0.6788310049179614  0.0914315569487982  0.02828915872394127  
 0  0.4232265180541042  0.7696827262044653  0.09288285150354131  0.027201114157635903  
 0  0.43846511087890394  0.8572703137920529  0.09433414605828386  0.026113069591330536  
 0  0.4428189945431324  0.9415937676807241  0.0914315569487982  0.02937720329024677  
 0  0.754847323812841  0.09346302824563694  0.09433414605828386  0.026113069591330453  
 0  0.7533960292580981  0.18921095008051528  0.0914315569487982  0.028289158723941336  
 0  0.7635550911412979  0.28550289419854635  0.09143155694879838  0.027201114157635868  
 0  0.7686346220828979  0.38016277146711924  0.09288285150354113  0.02937720329024677  
 0  0.7744398003018692  0.4721025373199286  0.09868802972251244  0.028289158723941336  
 0  0.7744398003018692  0.5694825260042651  0.09288285150354113  0.027201114157635903  
 0  0.7787936839660977  0.6576141358750054  0.09578544061302678  0.027201114157635903  
 0  0.7838732149076977  0.7441136788962874  0.10013932427725535  0.030465247856552267  
 0  0.793306629513526  0.8365974670322496  0.08707767328456982  0.030465247856552267  
 0  0.7969348659003831  0.9307133220176698  0.09723673516776969  0.02937720329024677  
