 0  0.3644490885870196  0.09509509509509509  0.10013932427725535  0.031553292422857634  
 0  0.37896203413444784  0.20172346259302779  0.10594450249622667  0.031553292422857634  
 0  0.38041332868919064  0.3018235626931279  0.09723673516776969  0.03155329242285767  
 0  0.3971032160687333  0.3959394176785481  0.09578544061302678  0.0304652478565522  
 0  0.40653663067456164  0.4927753840797319  0.09433414605828404  0.02611306959133047  
 0  0.4094392197840473  0.5836271053662357  0.0914315569487982  0.02720111415763597  
 0  0.41814698711250425  0.679375027201114  0.0914315569487982  0.027201114157635903  
 0  0.4232265180541042  0.7718588153370761  0.09578544061302678  0.027201114157635903  
 0  0.43846511087890394  0.8599904252078165  0.09143155694879838  0.02937720329024677  
 0  0.44354464182050385  0.9459459459459459  0.08707767328456982  0.0250250250250249  
 0  0.7613781493091838  0.08747878313095704  0.09578544061302678  0.02937720329024677  
 0  0.7621037965865551  0.18431474953214083  0.09723673516776953  0.031553292422857634  
 0  0.7679089748055264  0.2838708273490882  0.09433414605828404  0.028289158723941336  
 0  0.7729885057471264  0.3790747269008138  0.08998026239405547  0.027201114157635903  
 0  0.7751654475792406  0.4721025373199286  0.09723673516776969  0.0304652478565522  
 0  0.7787936839660977  0.5711145928537232  0.09868802972251262  0.0304652478565522  
 0  0.7824219203529547  0.660334247290769  0.09433414605828404  0.030465247856552267  
 0  0.7867758040171832  0.7500979240109674  0.09143155694879838  0.02937720329024677  
 0  0.7962092186230117  0.8409496452974713  0.09288285150354113  0.026113069591330536  
 0  0.7991118077324972  0.9366975671323496  0.08998026239405547  0.0261130695913304  
