 0  0.39202368512713337  0.08584671628149887  0.10013932427725535  0.032641336989163085  
 0  0.3876698014629048  0.19356312834573702  0.09433414605828404  0.03264133698916307  
 0  0.4050853361198188  0.29366322844583714  0.09433414605828386  0.0282891587239413  
 0  0.4000058051782189  0.3872350611481047  0.09288285150354113  0.02611306959133047  
 0  0.4232265180541042  0.4824389606998303  0.08998026239405547  0.025025025025025033  
 0  0.4232265180541042  0.5749227488357923  0.09578544061302678  0.027201114157635903  
 0  0.44209334726576094  0.6663184924054488  0.09288285150354113  0.027201114157635903  
 0  0.4348368744920469  0.760434347390869  0.09288285150354113  0.0282891587239414  
 0  0.45007546731684656  0.8436697567132349  0.08562637872982708  0.027201114157635903  
 0  0.454429350981075  0.9290812551682116  0.08852896783931273  0.02828915872394127  
 0  0.7621037965865551  0.09835922879401139  0.08272378962034142  0.02937720329024677  
 0  0.7621037965865551  0.19084301692997344  0.0914315569487982  0.02937720329024677  
 0  0.770811563915012  0.28659093876485175  0.0914315569487982  0.029377203290246734  
 0  0.7729885057471264  0.3758105932018975  0.08417508417508417  0.027201114157635903  
 0  0.7729885057471263  0.46503024763894324  0.09288285150354113  0.031553292422857634  
 0  0.7766167421339834  0.5564259912085998  0.0856263787298269  0.027201114157635903  
 0  0.7795193312434691  0.6407494450972713  0.0856263787298269  0.02828915872394127  
 0  0.7824219203529547  0.7223527875701788  0.08272378962034142  0.030465247856552136  
 0  0.7911296876814118  0.8110284197240719  0.08272378962034124  0.031553292422857634  
 0  0.7904040404040403  0.8975279627453541  0.08707767328457  0.02828915872394127  
