 0  0.38259027052130495  0.08258258258258258  0.10159061883199827  0.03481742612177394  
 0  0.37823638685707645  0.18812290551420985  0.09578544061302678  0.028289158723941336  
 0  0.3978288633461047  0.28931105018061537  0.0914315569487982  0.0282891587239413  
 0  0.39347497968187617  0.3823388605997301  0.08852896783931255  0.025025025025024968  
 0  0.41669569255776145  0.4753666710188449  0.08562637872982708  0.0261130695913304  
 0  0.41597004528038994  0.5667624145885015  0.08998026239405547  0.023936980458719535  
 0  0.4348368744920469  0.6559820690255472  0.08127249506559851  0.02828915872394127  
 0  0.4312086381051898  0.7484658571615093  0.0856263787298269  0.02828915872394127  
 0  0.44572158365261805  0.8311572442007225  0.08272378962034142  0.030465247856552136  
 0  0.4486241727621037  0.9160247203725463  0.0914315569487982  0.032641336989163  
 0  0.7497677928712411  0.09672716194455325  0.08998026239405565  0.028289158723941336  
 0  0.7497677928712411  0.18866692779736258  0.08998026239405565  0.02937720329024677  
 0  0.7577499129223266  0.28169473821647734  0.08562637872982708  0.02611306959133047  
 0  0.7592012074770694  0.3709143926535231  0.0856263787298269  0.02611306959133047  
 0  0.7613781493091837  0.4579579579579579  0.08707767328456982  0.02611306959133047  
 0  0.7628294438639266  0.5477216346781564  0.08127249506559851  0.027201114157635903  
 0  0.7686346220828979  0.631501066283675  0.08127249506559851  0.027201114157635903  
 0  0.7693602693602692  0.71256038647343  0.08562637872982708  0.02828915872394127  
 0  0.7787936839660976  0.7985159072115593  0.08127249506559851  0.023936980458719535  
 0  0.7766167421339834  0.883927405666536  0.07982120051085559  0.027201114157635767  
