 0  0.3615464994775339  0.09400705052878966  0.09723673516776953  0.02937720329024677  
 0  0.3753337977475908  0.20281150715933324  0.09868802972251262  0.031553292422857634  
 0  0.3796876814118193  0.3023675849762806  0.09578544061302696  0.0239369804587196  
 0  0.394926274236619  0.3975714845280062  0.08852896783931273  0.027201114157635903  
 0  0.40218274701033313  0.49223136179657917  0.09143155694879838  0.025025025025025033  
 0  0.4108905143387901  0.5847151499325413  0.09143155694879838  0.025025025025025103  
 0  0.4195982816672471  0.6777429603516559  0.09143155694879838  0.02393698045871967  
 0  0.4232265180541042  0.7724028376202289  0.08707767328457  0.02393698045871967  
 0  0.4413676999883896  0.8594464029246638  0.08562637872982708  0.026113069591330536  
 0  0.44572158365261805  0.9464899682290986  0.0856263787298269  0.0261130695913304  
 0  0.758475560199698  0.08747878313095704  0.09868802972251244  0.027201114157635903  
 0  0.7592012074770694  0.1832267049658354  0.09433414605828404  0.025025025025025033  
 0  0.7650063856960407  0.2800626713670192  0.08852896783931273  0.025025025025025033  
 0  0.770811563915012  0.3774426600513557  0.0856263787298269  0.0239369804587196  
 0  0.775891094856612  0.46938242590416496  0.08998026239405547  0.02937720329024677  
 0  0.7780680366887263  0.5694825260042651  0.08562637872982708  0.025025025025025033  
 0  0.7809706257982119  0.6587021804413107  0.08562637872982708  0.027201114157635903  
 0  0.7875014512945546  0.7473778125952039  0.08127249506559868  0.02393698045871967  
 0  0.8012887495646116  0.8404056230143188  0.08272378962034142  0.022848935892414168  
 0  0.8041913386740972  0.9339774557165861  0.08852896783931273  0.027201114157635903  
