 0  0.3833159177986764  0.09019889454672063  0.09433414605828404  0.03264133698916307  
 0  0.37823638685707645  0.19682726204465334  0.09288285150354131  0.03264133698916307  
 0  0.3992801579008475  0.2985594289942116  0.09143155694879838  0.029377203290246803  
 0  0.394926274236619  0.3921312616964791  0.0914315569487982  0.025025025025025033  
 0  0.4174213398351329  0.4862471166818993  0.08998026239405547  0.02611306959133047  
 0  0.41379310344827575  0.5803629716673194  0.09143155694879838  0.025025025025024968  
 0  0.4304829908278183  0.6728467598032816  0.09578544061302696  0.0250250250250249  
 0  0.42758040171833267  0.7653305479392436  0.08707767328456982  0.027201114157635903  
 0  0.44427028909787525  0.8496540018279147  0.09143155694879838  0.026113069591330536  
 0  0.4486241727621037  0.937785611698655  0.08852896783931273  0.023936980458719535  
 0  0.7555729710902125  0.10162336249292771  0.08417508417508417  0.031553292422857634  
 0  0.7562986183675838  0.1957392174783479  0.08272378962034142  0.026113069591330435  
 0  0.7635550911412979  0.2903990947469208  0.07982120051085577  0.02393698045871957  
 0  0.7671833275281551  0.3817948383165774  0.07836990595611286  0.0195848021934978  
 0  0.7693602693602692  0.46883840362101226  0.08272378962034124  0.0239369804587196  
 0  0.7650063856960407  0.5613221917569743  0.07401602229188428  0.0239369804587196  
 0  0.7744398003018691  0.6461896679287984  0.08417508417508417  0.0261130695913304  
 0  0.7729885057471264  0.7283370326848587  0.08417508417508417  0.027201114157635903  
 0  0.7824219203529547  0.8175566871219044  0.07691861140137012  0.025025025025025033  
 0  0.7824219203529547  0.9040562301431865  0.07982120051085559  0.02828915872394127  
