 0  0.3796876814118193  0.06734995865430647  0.10159061883199827  0.03264133698916307  
 0  0.37605944502496225  0.17724245985115547  0.09723673516776969  0.028289158723941336  
 0  0.3992801579008475  0.2795186490838665  0.09433414605828386  0.028289158723941336  
 0  0.394926274236619  0.3741785263524393  0.08852896783931273  0.0239369804587196  
 0  0.42032392894461856  0.46775035905470685  0.08998026239405547  0.028289158723941336  
 0  0.41814698711250425  0.5634982808895851  0.09433414605828404  0.028289158723941336  
 0  0.43846511087890394  0.6538059798929364  0.09143155694879838  0.02828915872394127  
 0  0.43628816904678963  0.7462897680288985  0.08707767328456982  0.030465247856552267  
 0  0.454429350981075  0.8333333333333333  0.0914315569487982  0.02176089132610867  
 0  0.45733194009056066  0.9182008095051574  0.0856263787298269  0.02828915872394127  
 0  0.7570242656449552  0.07823040431736082  0.08998026239405547  0.028289158723941325  
 0  0.7577499129223266  0.1750663707185446  0.08852896783931255  0.028289158723941336  
 0  0.7635550911412979  0.26863820342081207  0.08852896783931255  0.028289158723941336  
 0  0.770811563915012  0.36003394699046876  0.0856263787298269  0.0239369804587196  
 0  0.7751654475792406  0.44870957914436177  0.08562637872982708  0.025025025025025033  
 0  0.7751654475792406  0.5422814118466293  0.08852896783931255  0.027201114157635903  
 0  0.7816962730755832  0.6266048657353004  0.08707767328456982  0.030465247856552267  
 0  0.7838732149076976  0.7098402750576664  0.08272378962034124  0.027201114157635903  
 0  0.7918553349587832  0.7968838403621012  0.07836990595611286  0.025025025025025033  
 0  0.7947579240682688  0.8855594725159942  0.08707767328456982  0.0261130695913304  
