 0  0.41234180889353295  0.08693476084780431  0.09723673516776953  0.03481742612177395  
 0  0.41016486706141864  0.19193106149627887  0.09578544061302678  0.031553292422857634  
 0  0.4268547544409612  0.2903990947469208  0.09433414605828404  0.0282891587239413  
 0  0.42395216533147556  0.3828828828828828  0.08852896783931273  0.028289158723941336  
 0  0.44427028909787525  0.4710144927536231  0.08562637872982708  0.028289158723941336  
 0  0.44209334726576105  0.5613221917569743  0.08998026239405547  0.0239369804587196  
 0  0.4602345292000463  0.6483657570614092  0.0856263787298269  0.0261130695913304  
 0  0.454429350981075  0.7343212777995386  0.08272378962034142  0.0282891587239414  
 0  0.4711192383606176  0.816468642555599  0.08417508417508417  0.025025025025025033  
 0  0.47184488563798904  0.8964399181790486  0.07982120051085577  0.02393698045871967  
 0  0.7751654475792406  0.09672716194455325  0.08272378962034124  0.0304652478565522  
 0  0.7744398003018691  0.19084301692997344  0.07836990595611286  0.025025025025025033  
 0  0.7780680366887263  0.28278278278278274  0.08272378962034124  0.02611306959133047  
 0  0.7809706257982119  0.3709143926535231  0.07982120051085577  0.02611306959133047  
 0  0.7824219203529547  0.45578186882534705  0.07982120051085559  0.0239369804587196  
 0  0.7795193312434691  0.5444575009792401  0.07982120051085559  0.020672846759803302  
 0  0.7875014512945546  0.6260608434521477  0.07836990595611286  0.025025025025025033  
 0  0.7853245094624404  0.7038560299429865  0.07691861140137012  0.023936980458719535  
 0  0.7947579240682688  0.7860033946990468  0.07836990595611286  0.025025025025025033  
 0  0.7925809822361546  0.8697828263045655  0.07691861140137012  0.022848935892414168  
