 0  0.4116161616161615  0.08258258258258258  0.09288285150354113  0.028289158723941336  
 0  0.40871357250667584  0.19138703921312614  0.09288285150354113  0.0304652478565522  
 0  0.42612910716358987  0.29366322844583714  0.09288285150354131  0.026113069591330435  
 0  0.42250087077673276  0.38669103886495193  0.08562637872982708  0.027201114157635903  
 0  0.44427028909787525  0.4835270052661357  0.08852896783931255  0.025025025025025033  
 0  0.4406420527110182  0.575466771118945  0.08707767328456982  0.021760891326108735  
 0  0.45733194009056066  0.6668625146886017  0.0856263787298269  0.026113069591330536  
 0  0.45733194009056066  0.7588022805414109  0.0914315569487982  0.02937720329024677  
 0  0.46966794380587484  0.8431257344300822  0.08998026239405547  0.026113069591330536  
 0  0.4711192383606177  0.930169299734517  0.08707767328456982  0.0282891587239414  
 0  0.7867758040171832  0.09618313966140053  0.08562637872982708  0.02937720329024677  
 0  0.7860501567398118  0.1902989946468207  0.08417508417508433  0.02611306959133047  
 0  0.7933066295135259  0.2860469164816991  0.07836990595611286  0.02393698045871957  
 0  0.7947579240682688  0.3774426600513557  0.08127249506559851  0.021760891326108735  
 0  0.7976605131777545  0.46666231448840134  0.07836990595611286  0.021760891326108735  
 0  0.793306629513526  0.5580580580580581  0.08707767328456982  0.02611306959133047  
 0  0.8005631022872401  0.6440135787961875  0.08127249506559851  0.030465247856552136  
 0  0.8012887495646116  0.723984854419637  0.08272378962034142  0.025025025025025033  
 0  0.8092708696156972  0.8142925534229881  0.07836990595611286  0.0337293815554685  
 0  0.8078195750609543  0.8997040518779648  0.08417508417508417  0.026113069591330536  
