 0  0.4116161616161615  0.08584671628149887  0.09288285150354113  0.02828915872394132  
 0  0.40798792522930444  0.19356312834573702  0.09723673516776969  0.0304652478565522  
 0  0.424677812608847  0.29475127301214255  0.09288285150354113  0.028289158723941367  
 0  0.4232265180541042  0.3888671279975628  0.08998026239405547  0.027201114157635903  
 0  0.44427028909787525  0.4824389606998303  0.09143155694879838  0.025025025025025033  
 0  0.4413676999883896  0.5770988379684031  0.08562637872982708  0.025025025025025033  
 0  0.4587832346453035  0.6668625146886017  0.08852896783931255  0.023936980458719535  
 0  0.4587832346453035  0.7593463028245637  0.08272378962034124  0.023936980458719535  
 0  0.4711192383606176  0.845301823562693  0.08998026239405547  0.023936980458719535  
 0  0.4732961801927319  0.9307133220176698  0.08852896783931273  0.027201114157635903  
 0  0.7860501567398118  0.09672716194455325  0.08417508417508433  0.0304652478565522  
 0  0.7867758040171832  0.1930191060625843  0.08562637872982708  0.02937720329024677  
 0  0.7918553349587831  0.2871349610480045  0.08707767328456982  0.030465247856552167  
 0  0.793306629513526  0.3779866823345084  0.08707767328456982  0.027201114157635903  
 0  0.7976605131777544  0.4672063367715541  0.08707767328456982  0.027201114157635903  
 0  0.7925809822361546  0.5580580580580581  0.08272378962034142  0.02611306959133047  
 0  0.8034656913967259  0.6445576010793401  0.08707767328456982  0.027201114157635903  
 0  0.7969348659003831  0.7256169212690952  0.09143155694879838  0.026113069591330536  
 0  0.8085452223383256  0.8132045088566827  0.08272378962034124  0.02937720329024677  
 0  0.8070939277835829  0.9002480741611176  0.08272378962034142  0.02937720329024677  
