 0  0.41234180889353295  0.08584671628149887  0.10594450249622667  0.03481742612177395  
 0  0.40871357250667584  0.19465117291204248  0.09868802972251244  0.03481742612177397  
 0  0.42612910716358987  0.29420725072898984  0.09578544061302678  0.03155329242285767  
 0  0.42395216533147567  0.38832310571441003  0.09723673516776969  0.0304652478565522  
 0  0.44427028909787525  0.4824389606998303  0.08852896783931255  0.02937720329024677  
 0  0.44209334726576094  0.575466771118945  0.09288285150354113  0.02611306959133047  
 0  0.4602345292000463  0.6684945815380597  0.08852896783931273  0.025025025025025033  
 0  0.45733194009056066  0.7588022805414109  0.0914315569487982  0.027201114157635903  
 0  0.4711192383606177  0.8447578012795405  0.08707767328456982  0.027201114157635903  
 0  0.47619876930221755  0.9307133220176698  0.08852896783931273  0.027201114157635903  
 0  0.789678393126669  0.09835922879401139  0.08852896783931273  0.031553292422857634  
 0  0.7875014512945546  0.1924750837794316  0.08998026239405547  0.0304652478565522  
 0  0.7947579240682688  0.2871349610480045  0.08707767328456982  0.0282891587239413  
 0  0.7962092186230116  0.3774426600513557  0.08417508417508417  0.03264133698916307  
 0  0.7983861604551259  0.46666231448840134  0.08852896783931273  0.028289158723941336  
 0  0.7983861604551259  0.5580580580580581  0.08852896783931273  0.03264133698916307  
 0  0.8056426332288401  0.6445576010793401  0.08562637872982708  0.027201114157635903  
 0  0.8020143968419831  0.7267049658354006  0.08707767328456982  0.0282891587239414  
 0  0.8107221641704399  0.8148365757061409  0.08707767328456982  0.0282891587239414  
 0  0.8078195750609544  0.9024241632937283  0.08127249506559851  0.027201114157635903  
