 0  0.40871357250667595  0.0863907385646516  0.10159061883199809  0.03372938155546852  
 0  0.4058109833971903  0.19247508377943162  0.1073957970509694  0.03699351525438484  
 0  0.4232265180541042  0.2969273621447534  0.09578544061302678  0.028289158723941367  
 0  0.42177522349936136  0.3888671279975628  0.10159061883199827  0.031553292422857634  
 0  0.4435446418205038  0.48461504983244114  0.09578544061302678  0.031553292422857634  
 0  0.43991640543364674  0.579274927101014  0.10013932427725535  0.031553292422857565  
 0  0.4602345292000464  0.6690386038212124  0.09143155694879838  0.032641336989163  
 0  0.45950888192267497  0.7636984810897854  0.09288285150354131  0.0282891587239414  
 0  0.4725705329153604  0.8485659572616093  0.08707767328456982  0.0261130695913304  
 0  0.4769244165795889  0.9350655002828915  0.08998026239405547  0.027201114157635903  
 0  0.7860501567398118  0.0956391173782478  0.08707767328456982  0.0304652478565522  
 0  0.7838732149076977  0.18866692779736258  0.09433414605828404  0.027201114157635903  
 0  0.7925809822361546  0.28604691648169905  0.08852896783931273  0.03481742612177394  
 0  0.7954835713456403  0.3768986377682029  0.08852896783931273  0.027201114157635903  
 0  0.7962092186230116  0.4661182922052487  0.08998026239405547  0.027201114157635903  
 0  0.7983861604551259  0.5602341471906689  0.09433414605828404  0.028289158723941336  
 0  0.8056426332288401  0.6456456456456455  0.08852896783931255  0.027201114157635903  
 0  0.8056426332288401  0.7294250772511641  0.08272378962034124  0.022848935892414168  
 0  0.8143504005572969  0.8170126648387517  0.08272378962034124  0.0282891587239414  
 0  0.8158016951120398  0.9062323192757975  0.08272378962034142  0.032641336989163  
