 0  0.40653663067456164  0.08965487226356791  0.10304191338674083  0.0337293815554685  
 0  0.40290839428770453  0.19791530661095877  0.09868802972251244  0.0304652478565522  
 0  0.42177522349936136  0.29910345127736426  0.08998026239405565  0.032641336989163106  
 0  0.41669569255776145  0.38941115028071555  0.09723673516776969  0.0304652478565522  
 0  0.4413676999883896  0.48461504983244114  0.09433414605828386  0.02937720329024677  
 0  0.4355625217694183  0.5814510162336249  0.09433414605828386  0.02937720329024677  
 0  0.4551549982584464  0.6733907820864342  0.08998026239405547  0.0261130695913304  
 0  0.454429350981075  0.766418592505549  0.0914315569487982  0.027201114157635903  
 0  0.4689422965285034  0.8507420463942202  0.08852896783931255  0.0261130695913304  
 0  0.4711192383606176  0.9366975671323496  0.08417508417508417  0.0282891587239414  
 0  0.7809706257982119  0.09999129564346955  0.09143155694879838  0.0304652478565522  
 0  0.7824219203529547  0.19356312834573702  0.0856263787298269  0.0304652478565522  
 0  0.789678393126669  0.29094311703007353  0.08272378962034142  0.022848935892414136  
 0  0.789678393126669  0.38288288288288286  0.08272378962034142  0.0261130695913304  
 0  0.7947579240682688  0.46775035905470685  0.08707767328456982  0.028289158723941336  
 0  0.7918553349587831  0.5634982808895852  0.08127249506559851  0.023936980458719535  
 0  0.7998374550098687  0.6472777124951037  0.08562637872982708  0.02828915872394127  
 0  0.7991118077324972  0.7310571441006223  0.08417508417508417  0.030465247856552136  
 0  0.8092708696156972  0.8191887539713626  0.07836990595611286  0.0261130695913304  
 0  0.8092708696156972  0.90677634155895  0.07836990595611286  0.031553292422857634  
