 0  0.40653663067456164  0.08965487226356791  0.09433414605828404  0.031553292422857634  
 0  0.40290839428770453  0.1957392174783479  0.09868802972251244  0.0304652478565522  
 0  0.42177522349936136  0.29638333986160076  0.09578544061302696  0.03155329242285767  
 0  0.41814698711250425  0.3904991948470209  0.09433414605828404  0.028289158723941336  
 0  0.44209334726576094  0.4851590721155938  0.09288285150354113  0.02611306959133047  
 0  0.4377394636015325  0.5798189493841667  0.08998026239405547  0.0239369804587196  
 0  0.45515499825844646  0.6701266483875179  0.08707767328456982  0.0282891587239414  
 0  0.4529780564263322  0.7631544588066327  0.09433414605828386  0.02937720329024677  
 0  0.46749100197376053  0.8491099795447622  0.09433414605828404  0.027201114157635903  
 0  0.46966794380587484  0.9328894111502808  0.08998026239405547  0.031553292422857634  
 0  0.7875014512945546  0.0989032510771641  0.08707767328457  0.028289158723941336  
 0  0.7831475676303261  0.1930191060625843  0.08707767328456982  0.02937720329024677  
 0  0.7882270985719261  0.2887670278974626  0.08562637872982708  0.029377203290246734  
 0  0.7925809822361546  0.38016277146711924  0.0856263787298269  0.02937720329024677  
 0  0.7925809822361546  0.46938242590416496  0.0856263787298269  0.02937720329024677  
 0  0.793306629513526  0.5629542586064324  0.08707767328456982  0.027201114157635903  
 0  0.7976605131777545  0.6478217347782566  0.07836990595611286  0.027201114157635903  
 0  0.8005631022872401  0.7310571441006223  0.08417508417508417  0.0282891587239414  
 0  0.8128991060025542  0.8181007094050572  0.0856263787298269  0.030465247856552267  
 0  0.8099965168930685  0.9046002524263393  0.08852896783931273  0.02937720329024677  
