 0  0.41379310344827575  0.0863907385646516  0.10013932427725518  0.03590547068807939  
 0  0.40798792522930444  0.19465117291204248  0.09723673516776969  0.03481742612177397  
 0  0.4254034598862184  0.295839317578448  0.09723673516776969  0.030465247856552236  
 0  0.4210495762219899  0.3921312616964791  0.10013932427725535  0.031553292422857634  
 0  0.4449959363752466  0.48570309439874654  0.09868802972251244  0.0337293815554685  
 0  0.4413676999883896  0.579274927101014  0.09723673516776969  0.02937720329024677  
 0  0.45950888192267497  0.6706706706706705  0.09578544061302678  0.0250250250250249  
 0  0.4580575873679321  0.7642425033729381  0.09868802972251244  0.02937720329024677  
 0  0.47039359108324624  0.8480219349784566  0.0856263787298269  0.027201114157635903  
 0  0.47402182747010324  0.9350655002828915  0.08998026239405547  0.02937720329024677  
 0  0.789678393126669  0.09944727336031682  0.08272378962034142  0.02937720329024677  
 0  0.789678393126669  0.19465117291204248  0.08852896783931273  0.026113069591330435  
 0  0.7940322767908974  0.28822300561430997  0.08272378962034124  0.026113069591330435  
 0  0.7976605131777544  0.38016277146711924  0.08127249506559851  0.025025025025025033  
 0  0.7976605131777545  0.46883840362101226  0.08998026239405547  0.02611306959133047  
 0  0.7969348659003831  0.5613221917569743  0.08272378962034124  0.0239369804587196  
 0  0.8027400441193543  0.6483657570614092  0.08562637872982708  0.02393698045871967  
 0  0.8041913386740972  0.7316011663837749  0.07982120051085559  0.02937720329024677  
 0  0.8099965168930685  0.8186447316882097  0.08272378962034142  0.031553292422857634  
 0  0.8107221641704399  0.9067763415589503  0.08417508417508417  0.025025025025025033  
