 0  0.4188726343898757  0.08258258258258258  0.09868802972251244  0.0304652478565522  
 0  0.41597004528039005  0.189754972363668  0.09868802972251244  0.0337293815554685  
 0  0.43411122721467543  0.2931192061626844  0.09723673516776953  0.029377203290246734  
 0  0.4312086381051898  0.38941115028071555  0.10594450249622667  0.03264133698916307  
 0  0.45225240914896075  0.4851590721155938  0.09578544061302678  0.0304652478565522  
 0  0.45007546731684656  0.5787309048178613  0.09723673516776969  0.02828915872394127  
 0  0.4689422965285033  0.6717587152369761  0.09433414605828404  0.027201114157635767  
 0  0.47039359108324624  0.766418592505549  0.09433414605828404  0.027201114157635903  
 0  0.4812783002438174  0.8556382469425946  0.09288285150354113  0.027201114157635903  
 0  0.4849065366306745  0.9432258345301823  0.09433414605828404  0.030465247856552136  
 0  0.8034656913967259  0.09074291682987334  0.08998026239405547  0.031553292422857634  
 0  0.8005631022872401  0.18757888323105712  0.08707767328456982  0.027201114157635903  
 0  0.8078195750609544  0.2838708273490882  0.09288285150354113  0.03264133698916307  
 0  0.8136247532799257  0.3774426600513557  0.08707767328456982  0.0304652478565522  
 0  0.8143504005572969  0.4672063367715541  0.09143155694879838  0.02937720329024677  
 0  0.8150760478346685  0.561866214040127  0.09288285150354113  0.031553292422857634  
 0  0.8187042842215255  0.6499978239108672  0.0856263787298269  0.031553292422857634  
 0  0.8208812260536398  0.735409322365844  0.09288285150354113  0.032641336989163  
 0  0.8266864042726111  0.8268050659355007  0.08707767328457  0.0282891587239414  
 0  0.831765935214211  0.9154806980893938  0.0856263787298269  0.031553292422857634  
