 0  0.41234180889353295  0.08747878313095703  0.10013932427725535  0.03590547068807939  
 0  0.40798792522930444  0.19410715062888972  0.09433414605828386  0.02937720329024677  
 0  0.42830604899570407  0.295839317578448  0.09143155694879838  0.030465247856552236  
 0  0.4232265180541042  0.3888671279975628  0.09578544061302678  0.02937720329024677  
 0  0.4486241727621037  0.4829829829829829  0.0914315569487982  0.028289158723941336  
 0  0.4449959363752467  0.5770988379684031  0.09578544061302678  0.02937720329024677  
 0  0.46168582375478917  0.6695826261043651  0.09723673516776969  0.02937720329024677  
 0  0.4616858237547892  0.7647865256560907  0.08852896783931273  0.026113069591330536  
 0  0.47619876930221755  0.8501980241110675  0.0914315569487982  0.0337293815554685  
 0  0.48200394752118886  0.9356095225660443  0.09433414605828404  0.032641336989163  
 0  0.7925809822361546  0.09672716194455325  0.0856263787298269  0.028289158723941336  
 0  0.788227098571926  0.1902989946468207  0.08272378962034142  0.0304652478565522  
 0  0.7962092186230117  0.28604691648169905  0.08707767328456982  0.0304652478565522  
 0  0.7991118077324972  0.3768986377682029  0.08417508417508417  0.027201114157635903  
 0  0.8020143968419831  0.46666231448840134  0.08707767328456982  0.028289158723941336  
 0  0.8034656913967259  0.5596901249075161  0.08707767328456982  0.02937720329024677  
 0  0.8070939277835829  0.6461896679287984  0.09433414605828404  0.0282891587239414  
 0  0.8092708696156972  0.7294250772511641  0.08707767328456982  0.027201114157635903  
 0  0.8216068733310111  0.8175566871219044  0.08852896783931273  0.02937720329024677  
 0  0.8208812260536398  0.9073203638421029  0.08417508417508417  0.0282891587239414  
