 0  0.42032392894461856  0.08095051573312442  0.09868802972251262  0.03372938155546851  
 0  0.41597004528039005  0.19138703921312614  0.09868802972251244  0.03264133698916307  
 0  0.43265993265993263  0.29366322844583714  0.09723673516776969  0.0282891587239413  
 0  0.429757343550447  0.38777908343125733  0.09723673516776969  0.027201114157635903  
 0  0.4529780564263322  0.4851590721155938  0.08562637872982708  0.0239369804587196  
 0  0.44789852548473236  0.5803629716673194  0.09578544061302678  0.027201114157635903  
 0  0.4645884128642749  0.6728467598032816  0.09433414605828404  0.027201114157635903  
 0  0.4653140601416463  0.7675066370718543  0.08707767328457  0.027201114157635903  
 0  0.4791013584117032  0.8534621578099839  0.09433414605828404  0.027201114157635903  
 0  0.48200394752118886  0.9421377899638768  0.09433414605828404  0.030465247856552267  
 0  0.8005631022872401  0.09291900596248423  0.08998026239405547  0.03372938155546852  
 0  0.7998374550098687  0.18812290551420985  0.09433414605828386  0.03481742612177394  
 0  0.8056426332288401  0.2849588719153936  0.09433414605828386  0.03481742612177394  
 0  0.8092708696156972  0.3785307046176611  0.09288285150354113  0.03481742612177394  
 0  0.8099965168930685  0.46775035905470685  0.09723673516776953  0.0304652478565522  
 0  0.8128991060025542  0.5624102363232798  0.09433414605828404  0.03481742612177394  
 0  0.8165273423894112  0.6494538016277147  0.08998026239405547  0.032641336989163  
 0  0.8187042842215255  0.7332332332332333  0.0856263787298269  0.034817426121774  
 0  0.8245094624404968  0.8246289768028898  0.09143155694879838  0.030465247856552136  
 0  0.8274120515499824  0.9149366758062409  0.08852896783931273  0.023936980458719535  
