 0  0.41379310344827575  0.0831266048657353  0.103041913386741  0.03590547068807939  
 0  0.4152443980030186  0.1913870392131262  0.10594450249622667  0.0391696043869957  
 0  0.429757343550447  0.29366322844583714  0.103041913386741  0.03481742612177397  
 0  0.4268547544409612  0.38941115028071555  0.10013932427725535  0.0369935152543848  
 0  0.45007546731684656  0.4835270052661357  0.09723673516776969  0.031553292422857634  
 0  0.44572158365261805  0.5819950385167776  0.0914315569487982  0.03264133698916307  
 0  0.46313711830953197  0.6723027375201287  0.09433414605828404  0.030465247856552267  
 0  0.46096017647741777  0.7658745702223962  0.09578544061302696  0.0282891587239414  
 0  0.4747474747474747  0.8534621578099839  0.09723673516776969  0.031553292422857634  
 0  0.47547312202484615  0.9410497453975714  0.09578544061302678  0.03264133698916313  
 0  0.7954835713456403  0.09455107281194237  0.0914315569487982  0.03264133698916307  
 0  0.7940322767908974  0.189754972363668  0.09143155694879838  0.031553292422857634  
 0  0.802014396841983  0.28550289419854635  0.08998026239405547  0.02937720329024677  
 0  0.8041913386740972  0.3790747269008138  0.09433414605828404  0.031553292422857634  
 0  0.8056426332288401  0.46666231448840134  0.08852896783931255  0.028289158723941336  
 0  0.8056426332288401  0.5634982808895851  0.08852896783931255  0.028289158723941336  
 0  0.8136247532799256  0.6505418461940201  0.08998026239405547  0.03264133698916313  
 0  0.8107221641704399  0.7348653000826915  0.08998026239405547  0.027201114157635903  
 0  0.8201555787762682  0.8246289768028898  0.08562637872982708  0.03264133698916313  
 0  0.819429931498897  0.91276058667363  0.08707767328456982  0.030465247856552267  
