 0  0.4166956925577615  0.079862471166819  0.10013932427725535  0.03372938155546851  
 0  0.4116161616161615  0.18812290551420985  0.09868802972251244  0.028289158723941336  
 0  0.43265993265993263  0.28931105018061537  0.09433414605828386  0.032641336989163036  
 0  0.4283060489957041  0.3850589720154938  0.09433414605828404  0.0304652478565522  
 0  0.45007546731684656  0.48080689385037206  0.10013932427725518  0.03481742612177394  
 0  0.4471728782073609  0.5770988379684031  0.103041913386741  0.02937720329024677  
 0  0.4667653546963891  0.6706706706706705  0.09578544061302696  0.031553292422857634  
 0  0.4653140601416463  0.7647865256560907  0.09578544061302678  0.030465247856552267  
 0  0.47765006385696035  0.8496540018279147  0.09723673516776969  0.02828915872394127  
 0  0.48345524207593166  0.937785611698655  0.08852896783931255  0.032641336989163  
 0  0.7969348659003831  0.08747878313095704  0.08562637872982708  0.031553292422857634  
 0  0.7947579240682688  0.18268268268268267  0.08998026239405547  0.03264133698916307  
 0  0.8070939277835829  0.2806066936501719  0.09433414605828404  0.03264133698916307  
 0  0.8085452223383256  0.37363450406928667  0.09143155694879838  0.031553292422857634  
 0  0.8107221641704399  0.46394220307263784  0.09288285150354113  0.02937720329024677  
 0  0.8085452223383256  0.5569700134917526  0.09433414605828386  0.028289158723941336  
 0  0.8172529896667827  0.6456456456456456  0.08562637872982708  0.02937720329024677  
 0  0.817978636944154  0.7294250772511641  0.08707767328456982  0.031553292422857634  
 0  0.8281376988273538  0.8191887539713626  0.08417508417508433  0.03481742612177387  
 0  0.8274120515499827  0.9078643861252557  0.09143155694879838  0.027201114157635903  
