 0  0.4152443980030186  0.08040649344997171  0.10013932427725535  0.03264133698916308  
 0  0.41379310344827586  0.18812290551420985  0.10594450249622667  0.0369935152543848  
 0  0.43265993265993263  0.29094311703007353  0.103041913386741  0.04025764895330117  
 0  0.42758040171833267  0.3856029942986465  0.10739579705096958  0.035905470688079436  
 0  0.450801114594218  0.48407102754928844  0.09578544061302678  0.02611306959133047  
 0  0.44789852548473225  0.5787309048178614  0.09288285150354113  0.03481742612177394  
 0  0.46821664925113193  0.6717587152369761  0.09288285150354131  0.0337293815554685  
 0  0.4638627655869034  0.7658745702223962  0.09288285150354113  0.03481742612177387  
 0  0.47982700568907455  0.8501980241110675  0.09578544061302678  0.031553292422857634  
 0  0.4841808893533031  0.9388736562649606  0.09578544061302678  0.03699351525438487  
 0  0.7976605131777544  0.08911084998041519  0.08707767328456982  0.0369935152543848  
 0  0.7998374550098687  0.18485877181529356  0.08852896783931255  0.0304652478565522  
 0  0.8063682805062113  0.28223876049963004  0.09288285150354113  0.027201114157635903  
 0  0.8063682805062113  0.37472254863559207  0.08707767328456982  0.02937720329024677  
 0  0.8099965168930685  0.46394220307263784  0.0914315569487982  0.031553292422857634  
 0  0.8092708696156972  0.5596901249075161  0.09288285150354113  0.031553292422857634  
 0  0.8150760478346685  0.6483657570614092  0.08707767328456982  0.030465247856552136  
 0  0.8165273423894112  0.7321451886669278  0.09288285150354113  0.03264133698916313  
 0  0.8259607569952395  0.820276798537668  0.09143155694879838  0.032641336989163  
 0  0.8295889933820967  0.9094964529747137  0.08998026239405547  0.03699351525438487  
