 0  0.4152443980030186  0.0831266048657353  0.10594450249622667  0.0337293815554685  
 0  0.4116161616161615  0.19138703921312614  0.09868802972251244  0.03264133698916307  
 0  0.4283060489957041  0.29148713931322623  0.10013932427725535  0.032641336989163036  
 0  0.4268547544409612  0.38832310571441003  0.09433414605828404  0.028289158723941336  
 0  0.4493498200394751  0.48461504983244114  0.08998026239405547  0.027201114157635903  
 0  0.4449959363752467  0.5803629716673194  0.09578544061302678  0.025025025025024968  
 0  0.4638627655869034  0.6723027375201287  0.08998026239405565  0.0261130695913304  
 0  0.4638627655869034  0.7691387039213126  0.08998026239405565  0.026113069591330536  
 0  0.47547312202484604  0.8550942246594421  0.09288285150354113  0.030465247856552267  
 0  0.47982700568907455  0.9437698568133349  0.08998026239405547  0.031553292422857634  
 0  0.7976605131777545  0.09455107281194237  0.08998026239405547  0.03264133698916307  
 0  0.7954835713456403  0.18921095008051528  0.0914315569487982  0.0304652478565522  
 0  0.8027400441193543  0.28550289419854635  0.09723673516776969  0.031553292422857634  
 0  0.8049169859514685  0.3774426600513557  0.09288285150354113  0.03481742612177394  
 0  0.8078195750609544  0.46666231448840134  0.09868802972251244  0.0369935152543848  
 0  0.8085452223383256  0.5629542586064324  0.09143155694879838  0.027201114157635903  
 0  0.8143504005572969  0.6494538016277147  0.08852896783931255  0.032641336989163  
 0  0.8150760478346685  0.733777255516386  0.08707767328456982  0.02937720329024677  
 0  0.8266864042726111  0.8251729990860425  0.08707767328457  0.02937720329024677  
 0  0.823058167885754  0.9138486312399355  0.09143155694879838  0.03264133698916313  
