 0  0.41597004528039005  0.08367062714888801  0.10159061883199827  0.0304652478565522  
 0  0.41234180889353295  0.19356312834573702  0.10304191338674083  0.0304652478565522  
 0  0.4319342853825612  0.29420725072898984  0.10449320794148392  0.04025764895330113  
 0  0.4268547544409612  0.38832310571441003  0.10594450249622667  0.041345693519606604  
 0  0.4493498200394751  0.486791138965052  0.09578544061302678  0.031553292422857634  
 0  0.4449959363752466  0.5803629716673194  0.09868802972251244  0.029377203290246703  
 0  0.4638627655869034  0.673934804369587  0.09578544061302696  0.0337293815554685  
 0  0.46096017647741777  0.7680506593550072  0.10159061883199827  0.030465247856552136  
 0  0.4769244165795889  0.8550942246594421  0.09578544061302678  0.030465247856552267  
 0  0.480552652966446  0.9432258345301823  0.09143155694879838  0.0261130695913304  
 0  0.8005631022872401  0.09400705052878966  0.09288285150354113  0.031553292422857634  
 0  0.7991118077324973  0.19084301692997344  0.09288285150354113  0.02937720329024677  
 0  0.8041913386740972  0.2871349610480045  0.08852896783931273  0.030465247856552167  
 0  0.8085452223383256  0.3790747269008138  0.08562637872982708  0.02937720329024677  
 0  0.8078195750609543  0.46775035905470685  0.09578544061302678  0.028289158723941336  
 0  0.8092708696156972  0.5607781694738216  0.09578544061302678  0.0337293815554685  
 0  0.8150760478346685  0.6510858684771729  0.09288285150354113  0.031553292422857634  
 0  0.8158016951120398  0.7348653000826914  0.0914315569487982  0.02937720329024677  
 0  0.823058167885754  0.8246289768028898  0.09143155694879838  0.0282891587239414  
 0  0.8245094624404968  0.9149366758062409  0.08852896783931273  0.0261130695913304  
