 0  0.41451875072564726  0.08421464943204073  0.10159061883199809  0.03372938155546852  
 0  0.40798792522930444  0.19138703921312614  0.09723673516776969  0.03481742612177394  
 0  0.42758040171833267  0.29148713931322623  0.09288285150354113  0.0282891587239413  
 0  0.4232265180541042  0.38669103886495193  0.09868802972251262  0.02937720329024677  
 0  0.4464472309299895  0.4813509161335248  0.09868802972251244  0.02937720329024677  
 0  0.4435446418205038  0.5765548156852505  0.09578544061302678  0.028289158723941336  
 0  0.46313711830953197  0.667950559254907  0.10594450249622667  0.0282891587239414  
 0  0.46096017647741777  0.7631544588066327  0.09578544061302696  0.02937720329024677  
 0  0.4732961801927319  0.8496540018279147  0.08852896783931273  0.02828915872394127  
 0  0.47765006385696035  0.9350655002828915  0.09433414605828386  0.0337293815554685  
 0  0.7933066295135259  0.09400705052878966  0.09578544061302678  0.031553292422857634  
 0  0.7911296876814118  0.189754972363668  0.08562637872982708  0.02937720329024677  
 0  0.8005631022872401  0.2838708273490882  0.08417508417508417  0.0304652478565522  
 0  0.8012887495646116  0.3768986377682029  0.09433414605828404  0.031553292422857634  
 0  0.8041913386740972  0.4661182922052487  0.08852896783931273  0.0337293815554685  
 0  0.8027400441193543  0.5586020803412107  0.10013932427725518  0.02937720329024677  
 0  0.8099965168930685  0.6461896679287984  0.08852896783931273  0.030465247856552136  
 0  0.8114478114478114  0.7310571441006223  0.08852896783931255  0.030465247856552136  
 0  0.8187042842215255  0.8181007094050572  0.07982120051085559  0.026113069591330536  
 0  0.8158016951120398  0.9094964529747137  0.08852896783931273  0.03264133698916313  
