 0  0.4166956925577615  0.08258258258258258  0.10594450249622667  0.03481742612177394  
 0  0.41451875072564726  0.1913870392131262  0.10449320794148392  0.0391696043869957  
 0  0.4312086381051898  0.2925751838795317  0.10013932427725535  0.030465247856552167  
 0  0.4268547544409612  0.38777908343125733  0.09433414605828404  0.02937720329024677  
 0  0.45007546731684656  0.48461504983244114  0.09433414605828386  0.0337293815554685  
 0  0.4449959363752466  0.5819950385167776  0.09868802972251244  0.03264133698916307  
 0  0.4638627655869034  0.6728467598032816  0.09868802972251244  0.031553292422857634  
 0  0.4631371183095321  0.7696827262044653  0.09143155694879838  0.031553292422857634  
 0  0.47619876930221755  0.8578143360752056  0.10304191338674083  0.02937720329024677  
 0  0.480552652966446  0.9454019236627931  0.10594450249622649  0.034817426121774  
 0  0.7976605131777544  0.09237498367933152  0.09868802972251244  0.036993515254384816  
 0  0.7969348659003831  0.18812290551420985  0.08852896783931255  0.03481742612177394  
 0  0.8049169859514685  0.2833268050659355  0.09288285150354113  0.0337293815554685  
 0  0.8099965168930685  0.3768986377682029  0.0914315569487982  0.031553292422857634  
 0  0.8092708696156972  0.46666231448840134  0.08998026239405547  0.0304652478565522  
 0  0.8121734587251828  0.5645863254558906  0.08998026239405547  0.0304652478565522  
 0  0.8172529896667827  0.6510858684771728  0.08562637872982708  0.025025025025025033  
 0  0.8194299314988969  0.737585411498455  0.08998026239405547  0.026113069591330536  
 0  0.8266864042726111  0.8284371327849589  0.08417508417508417  0.031553292422857634  
 0  0.8266864042726111  0.9192888540714628  0.09288285150354131  0.03264133698916313  
