 0  0.4174213398351329  0.07877442660051356  0.10449320794148392  0.03372938155546851  
 0  0.4152443980030186  0.18703486094790442  0.09723673516776953  0.0304652478565522  
 0  0.4326599326599325  0.28985507246376807  0.10013932427725535  0.029377203290246734  
 0  0.4312086381051897  0.3861470165817992  0.09723673516776969  0.03699351525438487  
 0  0.45370370370370366  0.4818949384166776  0.10159061883199809  0.03264133698916307  
 0  0.450801114594218  0.5787309048178613  0.09578544061302678  0.032641336989163  
 0  0.47039359108324624  0.6723027375201287  0.08852896783931273  0.0261130695913304  
 0  0.4667653546963891  0.766418592505549  0.09288285150354113  0.031553292422857634  
 0  0.48345524207593166  0.8512860686773729  0.09723673516776969  0.0337293815554685  
 0  0.4849065366306745  0.9405057231144187  0.08852896783931273  0.02937720329024677  
 0  0.8012887495646116  0.08802280541410976  0.0856263787298269  0.03264133698916307  
 0  0.7998374550098687  0.1837707272489881  0.08852896783931255  0.02611306959133047  
 0  0.8099965168930685  0.28169473821647734  0.08852896783931273  0.03264133698916307  
 0  0.8114478114478114  0.3752665709187448  0.09143155694879838  0.028289158723941336  
 0  0.8128991060025542  0.4661182922052487  0.10013932427725535  0.031553292422857634  
 0  0.8143504005572969  0.5586020803412107  0.09723673516776969  0.031553292422857634  
 0  0.817978636944154  0.6456456456456455  0.08707767328456982  0.031553292422857634  
 0  0.8201555787762682  0.7321451886669277  0.09143155694879838  0.030465247856552267  
 0  0.831765935214211  0.8213648431039735  0.08272378962034142  0.03264133698916313  
 0  0.8274120515499824  0.9105844975410192  0.08272378962034142  0.026113069591330536  
