 0  0.41379310344827575  0.07931844888366628  0.09433414605828386  0.026113069591330453  
 0  0.41234180889353295  0.185946816381599  0.09723673516776953  0.02611306959133047  
 0  0.4319342853825612  0.2903990947469208  0.08998026239405547  0.026113069591330435  
 0  0.42758040171833267  0.3861470165817992  0.09288285150354113  0.0261130695913304  
 0  0.45152676187158935  0.48407102754928844  0.0914315569487982  0.0304652478565522  
 0  0.44644723092998945  0.5776428602515559  0.08998026239405547  0.0239369804587196  
 0  0.4638627655869034  0.6706706706706705  0.08998026239405565  0.0250250250250249  
 0  0.4624114710321606  0.7636984810897854  0.08998026239405547  0.030465247856552136  
 0  0.4769244165795889  0.8512860686773729  0.08998026239405547  0.031553292422857634  
 0  0.47982700568907466  0.9394176785481132  0.09288285150354113  0.02937720329024677  
 0  0.7969348659003831  0.08856682769726247  0.09143155694879838  0.02937720329024677  
 0  0.7969348659003831  0.18540279409844626  0.08852896783931255  0.02937720329024677  
 0  0.802014396841983  0.2795186490838665  0.08417508417508417  0.028289158723941336  
 0  0.8078195750609544  0.37363450406928667  0.08707767328456982  0.02937720329024677  
 0  0.8107221641704399  0.4644862253557905  0.08707767328456982  0.028289158723941336  
 0  0.8085452223383256  0.5596901249075161  0.08852896783931255  0.025025025025025033  
 0  0.8158016951120398  0.645101623362493  0.0856263787298269  0.026113069591330536  
 0  0.8158016951120398  0.7310571441006223  0.08852896783931273  0.023936980458719535  
 0  0.8259607569952395  0.8213648431039735  0.08562637872982708  0.0282891587239414  
 0  0.8245094624404968  0.9094964529747137  0.08852896783931273  0.0282891587239414  
