 0  0.41379310344827575  0.08639073856465161  0.09433414605828386  0.031553292422857634  
 0  0.4108905143387901  0.19465117291204248  0.09723673516776969  0.0282891587239413  
 0  0.4312086381051898  0.29475127301214255  0.08852896783931273  0.026113069591330435  
 0  0.42758040171833267  0.38777908343125733  0.08998026239405565  0.027201114157635903  
 0  0.4471728782073609  0.4829829829829829  0.08852896783931255  0.028289158723941336  
 0  0.44427028909787525  0.5770988379684031  0.09143155694879838  0.027201114157635903  
 0  0.46313711830953197  0.6690386038212124  0.08852896783931273  0.02828915872394127  
 0  0.4602345292000463  0.7609783696740219  0.08852896783931273  0.027201114157635903  
 0  0.47547312202484604  0.847477912695304  0.08707767328456982  0.02828915872394127  
 0  0.4769244165795889  0.9350655002828915  0.08417508417508417  0.027201114157635903  
 0  0.7911296876814118  0.09727118422770596  0.08272378962034124  0.027201114157635903  
 0  0.7896783931266689  0.1924750837794316  0.08562637872982708  0.02611306959133047  
 0  0.7976605131777544  0.2871349610480045  0.08127249506559851  0.02393698045871957  
 0  0.7998374550098687  0.38016277146711924  0.07982120051085577  0.022848935892414168  
 0  0.8012887495646116  0.46666231448840134  0.08272378962034142  0.021760891326108735  
 0  0.802014396841983  0.5586020803412107  0.08417508417508417  0.025025025025025033  
 0  0.8070939277835829  0.6461896679287984  0.0856263787298269  0.0261130695913304  
 0  0.8070939277835829  0.7299690995343169  0.08272378962034142  0.026113069591330536  
 0  0.8158016951120398  0.8175566871219044  0.0856263787298269  0.027201114157635903  
 0  0.8150760478346685  0.905144274709492  0.07836990595611286  0.0282891587239414  
