 0  0.4152443980030186  0.08149453801627714  0.09433414605828404  0.028289158723941336  
 0  0.4116161616161616  0.18866692779736258  0.08998026239405547  0.027201114157635903  
 0  0.43048299082781843  0.29094311703007353  0.08998026239405547  0.025025025025025002  
 0  0.424677812608847  0.38451494973234096  0.09288285150354113  0.027201114157635833  
 0  0.4471728782073609  0.4797188492840667  0.08852896783931255  0.02611306959133047  
 0  0.4449959363752467  0.5727466597031814  0.08998026239405547  0.025025025025025033  
 0  0.4638627655869034  0.6657744701222962  0.08707767328456982  0.0282891587239414  
 0  0.46096017647741777  0.7571702136919527  0.09578544061302696  0.034817426121774  
 0  0.4769244165795889  0.8431257344300822  0.08417508417508417  0.02828915872394127  
 0  0.4791013584117032  0.9296252774513644  0.09433414605828404  0.031553292422857634  
 0  0.7918553349587832  0.09183096139617879  0.08417508417508417  0.027201114157635885  
 0  0.7904040404040404  0.1864908386647517  0.08127249506559851  0.027201114157635903  
 0  0.7969348659003831  0.28223876049963004  0.07982120051085577  0.020672846759803267  
 0  0.7998374550098687  0.3741785263524393  0.08272378962034124  0.0304652478565522  
 0  0.8027400441193543  0.4623101362231796  0.08852896783931255  0.028289158723941336  
 0  0.8034656913967259  0.5564259912085998  0.08707767328456982  0.02937720329024677  
 0  0.8085452223383256  0.6423815119467294  0.09433414605828386  0.031553292422857634  
 0  0.8092708696156972  0.7267049658354006  0.08127249506559851  0.0282891587239414  
 0  0.8187042842215255  0.81266048657353  0.08272378962034142  0.030465247856552136  
 0  0.8194299314988969  0.9018801410105758  0.08998026239405547  0.032641336989163  
