 0  0.41016486706141875  0.07931844888366628  0.09288285150354113  0.028289158723941336  
 0  0.4050853361198188  0.18812290551420985  0.09433414605828386  0.028289158723941336  
 0  0.42395216533147556  0.28985507246376807  0.09433414605828404  0.027201114157635868  
 0  0.41959828166724716  0.3823388605997301  0.09433414605828404  0.027201114157635903  
 0  0.44427028909787525  0.4780867824346085  0.08852896783931255  0.0228489358924141  
 0  0.44064205271101814  0.5705705705705706  0.08998026239405547  0.022848935892414168  
 0  0.4580575873679321  0.6641424032728381  0.09288285150354113  0.027201114157635903  
 0  0.45950888192267497  0.7566261914088002  0.09288285150354131  0.027201114157635903  
 0  0.47184488563798904  0.8431257344300822  0.09433414605828386  0.030465247856552267  
 0  0.476924416579589  0.9274491883187533  0.09288285150354113  0.027201114157635903  
 0  0.7867758040171832  0.09019889454672063  0.08562637872982708  0.028289158723941336  
 0  0.7867758040171833  0.18485877181529356  0.08272378962034142  0.02611306959133047  
 0  0.7925809822361546  0.28169473821647734  0.07691861140137012  0.0239369804587196  
 0  0.7962092186230116  0.37309048178613397  0.08417508417508417  0.0239369804587196  
 0  0.7998374550098687  0.45959002480741606  0.08562637872982708  0.025025025025025033  
 0  0.7976605131777545  0.5531618575096836  0.08417508417508417  0.02937720329024677  
 0  0.8049169859514685  0.6407494450972712  0.08998026239405547  0.030465247856552136  
 0  0.8041913386740972  0.723984854419637  0.07982120051085559  0.02937720329024677  
 0  0.8114478114478114  0.8115724420072244  0.08562637872982708  0.02828915872394127  
 0  0.8143504005572969  0.9007920964442703  0.08272378962034124  0.0282891587239414  
