 0  0.4108905143387901  0.08149453801627714  0.09723673516776969  0.034817426121773944  
 0  0.4072622779519331  0.18812290551420985  0.09288285150354113  0.028289158723941336  
 0  0.42612910716358987  0.28822300561430997  0.08998026239405547  0.02393698045871957  
 0  0.42395216533147567  0.3817948383165774  0.08562637872982708  0.02176089132610867  
 0  0.4449959363752467  0.4780867824346085  0.08998026239405547  0.025025025025025033  
 0  0.44209334726576105  0.5705705705705706  0.09578544061302678  0.027201114157635903  
 0  0.4580575873679321  0.6625103364233799  0.09288285150354113  0.026113069591330536  
 0  0.45805758736793206  0.754994124559342  0.08998026239405547  0.030465247856552267  
 0  0.4711192383606176  0.8404056230143185  0.08998026239405547  0.02937720329024677  
 0  0.47547312202484615  0.9274491883187536  0.09578544061302678  0.02937720329024677  
 0  0.7860501567398118  0.09128693911302606  0.08707767328456982  0.0304652478565522  
 0  0.7853245094624404  0.185946816381599  0.08272378962034142  0.0304652478565522  
 0  0.7940322767908974  0.2800626713670192  0.09143155694879838  0.0337293815554685  
 0  0.7954835713456403  0.37200243721982845  0.0856263787298269  0.0304652478565522  
 0  0.7983861604551259  0.46013404709056877  0.08852896783931273  0.02611306959133047  
 0  0.7976605131777544  0.5537058797928363  0.08707767328456982  0.0239369804587196  
 0  0.8034656913967259  0.6385733559646602  0.08707767328456982  0.030465247856552136  
 0  0.8056426332288401  0.721808765287026  0.08562637872982708  0.027201114157635903  
 0  0.8143504005572969  0.8099403751577663  0.08272378962034124  0.027201114157635903  
 0  0.8143504005572969  0.8991600295948122  0.08852896783931255  0.031553292422857634  
