 0  0.41669569255776145  0.08856682769726247  0.09433414605828386  0.031553292422857634  
 0  0.41669569255776145  0.1924750837794316  0.09723673516776969  0.03481742612177394  
 0  0.4319342853825612  0.2925751838795317  0.09578544061302678  0.030465247856552167  
 0  0.42830604899570407  0.3850589720154937  0.09143155694879838  0.02828915872394127  
 0  0.45007546731684656  0.47645471558515035  0.09433414605828386  0.028289158723941336  
 0  0.4471728782073609  0.5694825260042651  0.103041913386741  0.0337293815554685  
 0  0.4638627655869034  0.6565260913087  0.08998026239405565  0.031553292422857634  
 0  0.4631371183095321  0.7473778125952039  0.103041913386741  0.030465247856552136  
 0  0.47402182747010324  0.8306132219175697  0.09578544061302678  0.02937720329024677  
 0  0.4791013584117032  0.9154806980893937  0.09433414605828404  0.02937720329024677  
 0  0.7889527458492975  0.09727118422770596  0.08707767328456982  0.027201114157635903  
 0  0.7853245094624405  0.189754972363668  0.09143155694879838  0.031553292422857634  
 0  0.7918553349587831  0.2838708273490882  0.08998026239405565  0.0369935152543848  
 0  0.7925809822361546  0.3741785263524393  0.09433414605828404  0.0304652478565522  
 0  0.7962092186230116  0.4606780693737215  0.09578544061302678  0.031553292422857634  
 0  0.7962092186230116  0.5520738129433781  0.08417508417508417  0.027201114157635903  
 0  0.8020143968419831  0.6358532445488967  0.08127249506559851  0.027201114157635903  
 0  0.8034656913967259  0.7169125647386517  0.08417508417508417  0.026113069591330536  
 0  0.8114478114478114  0.8039561300430865  0.08272378962034124  0.0282891587239414  
 0  0.8092708696156972  0.8893676284980632  0.08127249506559851  0.027201114157635903  
