 0  0.41669569255776145  0.08693476084780433  0.09433414605828386  0.0304652478565522  
 0  0.41379310344827575  0.1930191060625843  0.10013932427725518  0.027201114157635903  
 0  0.43265993265993263  0.29094311703007353  0.09143155694879838  0.029377203290246734  
 0  0.42758040171833267  0.3839709274491883  0.08707767328456982  0.023936980458719535  
 0  0.45007546731684656  0.47754276015145575  0.08852896783931255  0.023936980458719535  
 0  0.44789852548473225  0.5689385037211123  0.09288285150354113  0.0304652478565522  
 0  0.4624114710321606  0.6576141358750054  0.08417508417508417  0.025025025025025033  
 0  0.4624114710321606  0.749009879444662  0.08417508417508417  0.02937720329024677  
 0  0.476924416579589  0.8327893110501806  0.08707767328456982  0.031553292422857634  
 0  0.480552652966446  0.9165687426556992  0.08852896783931255  0.02937720329024677  
 0  0.7882270985719261  0.0956391173782478  0.09143155694879838  0.0304652478565522  
 0  0.7875014512945546  0.189754972363668  0.08707767328457  0.027201114157635903  
 0  0.7918553349587832  0.28223876049963004  0.08417508417508417  0.02937720329024677  
 0  0.7954835713456403  0.3725464595029812  0.08272378962034142  0.027201114157635903  
 0  0.7954835713456403  0.4612220916568743  0.07982120051085559  0.028289158723941336  
 0  0.7954835713456403  0.5515297906602254  0.0856263787298269  0.02611306959133047  
 0  0.8027400441193543  0.6369412891152021  0.08272378962034124  0.02937720329024677  
 0  0.8041913386740972  0.7163685424554989  0.08272378962034142  0.025025025025025033  
 0  0.8128991060025542  0.8023240631936284  0.08272378962034142  0.025025025025025033  
 0  0.8078195750609544  0.8904556730643687  0.09288285150354113  0.025025025025025033  
