 0  0.4166956925577615  0.08530269399834615  0.10013932427725535  0.031553292422857655  
 0  0.4108905143387901  0.19138703921312614  0.10013932427725518  0.0304652478565522  
 0  0.4304829908278183  0.2903990947469208  0.09288285150354113  0.030465247856552167  
 0  0.42612910716358987  0.3828828828828828  0.10159061883199809  0.028289158723941336  
 0  0.44934982003947516  0.47645471558515035  0.09288285150354113  0.0261130695913304  
 0  0.44354464182050385  0.5689385037211123  0.09288285150354113  0.028289158723941336  
 0  0.46168582375478917  0.6592462027244635  0.08562637872982708  0.0261130695913304  
 0  0.4624114710321606  0.749009879444662  0.08707767328457  0.02937720329024677  
 0  0.476924416579589  0.8322452887670277  0.09288285150354113  0.032641336989163  
 0  0.47547312202484615  0.9160247203725463  0.08998026239405547  0.02828915872394127  
 0  0.7889527458492975  0.09509509509509509  0.08998026239405565  0.0337293815554685  
 0  0.7860501567398118  0.18812290551420985  0.09578544061302696  0.03264133698916307  
 0  0.7918553349587831  0.28223876049963004  0.09288285150354113  0.02937720329024677  
 0  0.7976605131777544  0.37145841493667575  0.08707767328456982  0.02937720329024677  
 0  0.7969348659003831  0.45850198024111066  0.09143155694879838  0.0337293815554685  
 0  0.7962092186230116  0.5515297906602254  0.08417508417508417  0.0304652478565522  
 0  0.8034656913967259  0.6369412891152021  0.08707767328456982  0.02937720329024677  
 0  0.8027400441193543  0.7185446315881099  0.08852896783931255  0.027201114157635903  
 0  0.8136247532799256  0.8034121077599339  0.08417508417508417  0.02937720329024677  
 0  0.8121734587251828  0.8915437176306742  0.08417508417508417  0.02937720329024677  
