 0  0.4174213398351329  0.0831266048657353  0.09578544061302678  0.03808155982069026  
 0  0.4116161616161615  0.189754972363668  0.09868802972251244  0.0337293815554685  
 0  0.429757343550447  0.28931105018061537  0.09723673516776969  0.032641336989163036  
 0  0.42758040171833267  0.3828828828828828  0.09868802972251244  0.028289158723941336  
 0  0.45007546731684656  0.47754276015145586  0.09433414605828386  0.0304652478565522  
 0  0.44789852548473225  0.5700265482874178  0.09868802972251244  0.02611306959133047  
 0  0.4645884128642748  0.6587021804413107  0.09143155694879838  0.027201114157635903  
 0  0.46096017647741777  0.7522740131435784  0.08998026239405565  0.031553292422857634  
 0  0.4732961801927319  0.8360534447490968  0.08852896783931273  0.02937720329024677  
 0  0.4791013584117032  0.9209209209209209  0.0914315569487982  0.031553292422857634  
 0  0.7867758040171832  0.09237498367933152  0.09143155694879838  0.02828915872394132  
 0  0.7860501567398118  0.18757888323105712  0.08707767328456982  0.031553292422857634  
 0  0.7925809822361546  0.2811507159333246  0.08852896783931273  0.031553292422857634  
 0  0.7947579240682688  0.37363450406928667  0.09288285150354113  0.027201114157635903  
 0  0.8012887495646116  0.45850198024111066  0.08852896783931273  0.027201114157635903  
 0  0.7983861604551259  0.5520738129433781  0.08852896783931273  0.027201114157635903  
 0  0.8041913386740972  0.6374853113983548  0.0856263787298269  0.030465247856552267  
 0  0.8034656913967259  0.7185446315881098  0.08127249506559851  0.02937720329024677  
 0  0.8107221641704399  0.8066762414588502  0.09288285150354113  0.031553292422857634  
 0  0.8114478114478114  0.8926317621969795  0.07982120051085577  0.031553292422857634  
