 0  0.41669569255776145  0.08911084998041519  0.09433414605828386  0.03264133698916307  
 0  0.41234180889353295  0.19410715062888972  0.10013932427725535  0.033729381555468535  
 0  0.43193428538256123  0.2925751838795317  0.09288285150354113  0.030465247856552167  
 0  0.42758040171833267  0.3834269051660356  0.08998026239405565  0.025025025025024968  
 0  0.45007546731684656  0.47645471558515035  0.09723673516776969  0.0261130695913304  
 0  0.4471728782073609  0.5683944814379597  0.09723673516776969  0.02937720329024677  
 0  0.46603970741901773  0.6559820690255472  0.09723673516776969  0.030465247856552267  
 0  0.46168582375478917  0.7473778125952039  0.09723673516776969  0.03264133698916313  
 0  0.47619876930221755  0.8322452887670277  0.08852896783931273  0.030465247856552267  
 0  0.480552652966446  0.9160247203725463  0.09143155694879838  0.032641336989163  
 0  0.7867758040171832  0.09781520651085868  0.09143155694879838  0.0304652478565522  
 0  0.7831475676303261  0.189754972363668  0.09578544061302696  0.031553292422857634  
 0  0.7918553349587831  0.28169473821647734  0.09288285150354113  0.03481742612177394  
 0  0.7947579240682688  0.37472254863559207  0.09578544061302696  0.031553292422857634  
 0  0.7947579240682688  0.4617661139400269  0.09868802972251244  0.0337293815554685  
 0  0.7933066295135259  0.5509857683770727  0.09578544061302678  0.0337293815554685  
 0  0.802014396841983  0.6369412891152021  0.08998026239405547  0.02937720329024677  
 0  0.7991118077324973  0.7169125647386517  0.08127249506559851  0.030465247856552267  
 0  0.8114478114478114  0.8006919963441703  0.08562637872982708  0.032641336989163  
 0  0.8092708696156972  0.8909996953475213  0.07256472773714154  0.02828915872394127  
