 0  0.4166956925577615  0.09019889454672063  0.10594450249622667  0.03264133698916307  
 0  0.4116161616161615  0.19465117291204245  0.10449320794148374  0.0304652478565522  
 0  0.4290316962730755  0.29311920616268444  0.08998026239405547  0.03155329242285767  
 0  0.42540345988621847  0.3850589720154937  0.09433414605828404  0.02828915872394127  
 0  0.44789852548473236  0.47917482700091396  0.08417508417508417  0.027201114157635903  
 0  0.44427028909787525  0.5700265482874178  0.08852896783931255  0.0304652478565522  
 0  0.4631371183095321  0.6581581581581581  0.09143155694879838  0.026113069591330536  
 0  0.4624114710321606  0.749009879444662  0.09288285150354131  0.027201114157635903  
 0  0.47402182747010335  0.8311572442007225  0.08707767328456982  0.03481742612177387  
 0  0.47837571113433175  0.9182008095051574  0.08707767328456982  0.026113069591330536  
 0  0.7853245094624404  0.09835922879401139  0.08272378962034142  0.027201114157635903  
 0  0.7831475676303261  0.19193106149627887  0.08707767328456982  0.027201114157635903  
 0  0.789678393126669  0.2844148496322409  0.08852896783931273  0.027201114157635903  
 0  0.7925809822361546  0.37472254863559207  0.0856263787298269  0.02937720329024677  
 0  0.7947579240682688  0.4617661139400269  0.08417508417508417  0.027201114157635903  
 0  0.7962092186230116  0.5526178352265309  0.08417508417508417  0.0304652478565522  
 0  0.8012887495646116  0.6369412891152021  0.08272378962034142  0.02937720329024677  
 0  0.8034656913967259  0.7180006093049571  0.08998026239405547  0.0261130695913304  
 0  0.8128991060025542  0.8055881968925447  0.0856263787298269  0.02937720329024677  
 0  0.8099965168930685  0.8909996953475213  0.08852896783931273  0.026113069591330536  
