 0  0.41669569255776145  0.08802280541410976  0.09723673516776969  0.0304652478565522  
 0  0.4116161616161616  0.19356312834573702  0.09578544061302678  0.028289158723941336  
 0  0.4290316962730755  0.2931192061626844  0.08998026239405547  0.027201114157635868  
 0  0.42395216533147567  0.3850589720154937  0.08562637872982708  0.023936980458719535  
 0  0.44789852548473225  0.476998737868303  0.08707767328456982  0.025025025025024968  
 0  0.4449959363752467  0.567850459154807  0.08998026239405547  0.028289158723941336  
 0  0.46168582375478917  0.6570701135918526  0.08562637872982708  0.0261130695913304  
 0  0.46096017647741777  0.7479218348783566  0.08707767328456982  0.027201114157635903  
 0  0.47619876930221755  0.8317012664838751  0.08852896783931273  0.02937720329024677  
 0  0.4791013584117032  0.9138486312399356  0.08852896783931273  0.030465247856552267  
 0  0.784598862185069  0.09672716194455325  0.08707767328457  0.0304652478565522  
 0  0.7824219203529547  0.1924750837794316  0.0856263787298269  0.028289158723941336  
 0  0.7875014512945546  0.2833268050659355  0.08998026239405547  0.02937720329024677  
 0  0.7925809822361546  0.3741785263524393  0.08852896783931273  0.0304652478565522  
 0  0.7940322767908974  0.4628541585063324  0.08562637872982708  0.027201114157635903  
 0  0.7940322767908974  0.5520738129433781  0.08272378962034124  0.022848935892414168  
 0  0.7998374550098687  0.6358532445488967  0.08562637872982708  0.031553292422857634  
 0  0.802014396841983  0.7152804978891936  0.08998026239405547  0.02937720329024677  
 0  0.8063682805062113  0.8034121077599339  0.07546731684662719  0.027201114157635903  
 0  0.8063682805062115  0.8893676284980632  0.08998026239405547  0.027201114157635903  
