 0  0.42032392894461856  0.08747878313095704  0.09868802972251262  0.02937720329024677  
 0  0.41597004528038994  0.19465117291204248  0.09578544061302678  0.032641336989163106  
 0  0.433385579937304  0.2925751838795317  0.09288285150354113  0.026113069591330435  
 0  0.4290316962730755  0.38451494973234096  0.09288285150354131  0.029377203290246703  
 0  0.4522524091489608  0.4769987378683031  0.09288285150354113  0.027201114157635903  
 0  0.4493498200394751  0.5683944814379597  0.08998026239405547  0.02937720329024677  
 0  0.4667653546963891  0.6554380467423946  0.09288285150354113  0.027201114157635903  
 0  0.4638627655869034  0.7484658571615093  0.08998026239405565  0.026113069591330536  
 0  0.4783757111343318  0.8311572442007225  0.09578544061302678  0.0261130695913304  
 0  0.48200394752118886  0.9143926535230883  0.08852896783931273  0.02937720329024677  
 0  0.7867758040171832  0.09672716194455325  0.09143155694879838  0.03264133698916307  
 0  0.7860501567398118  0.19138703921312614  0.09288285150354113  0.028289158723941336  
 0  0.7904040404040403  0.2844148496322409  0.09288285150354131  0.027201114157635903  
 0  0.7940322767908974  0.3725464595029812  0.08272378962034124  0.022848935892414168  
 0  0.7976605131777545  0.45959002480741606  0.08998026239405547  0.02937720329024677  
 0  0.7947579240682688  0.5504417460939199  0.08417508417508417  0.0239369804587196  
 0  0.8012887495646116  0.6358532445488967  0.08272378962034142  0.020672846759803302  
 0  0.8027400441193543  0.7169125647386517  0.08272378962034124  0.026113069591330536  
 0  0.8114478114478114  0.8023240631936284  0.07982120051085577  0.025025025025025033  
 0  0.8099965168930685  0.8893676284980632  0.07982120051085559  0.027201114157635903  
