 0  0.4174213398351329  0.07659833746790268  0.09868802972251262  0.031553292422857634  
 0  0.41234180889353295  0.18431474953214083  0.09433414605828404  0.025025025025025033  
 0  0.42758040171833267  0.28659093876485175  0.08707767328456982  0.027201114157635868  
 0  0.42612910716358987  0.3834269051660356  0.08998026239405547  0.025025025025024968  
 0  0.44934982003947516  0.4780867824346085  0.08707767328456982  0.025025025025025033  
 0  0.4464472309299895  0.5760107934020977  0.08707767328456982  0.022848935892414168  
 0  0.4653140601416463  0.667950559254907  0.09288285150354131  0.030465247856552136  
 0  0.46168582375478917  0.7642425033729381  0.09143155694879838  0.02937720329024677  
 0  0.4747474747474747  0.8501980241110675  0.08852896783931255  0.027201114157635903  
 0  0.47765006385696035  0.9372415894155024  0.08852896783931255  0.02937720329024677  
 0  0.7991118077324973  0.0858467162814989  0.08707767328456982  0.0304652478565522  
 0  0.7991118077324973  0.18105061583322454  0.08707767328456982  0.025025025025025002  
 0  0.8056426332288401  0.2789746268007137  0.08562637872982708  0.027201114157635903  
 0  0.8085452223383256  0.3725464595029812  0.08272378962034124  0.022848935892414168  
 0  0.8107221641704399  0.4628541585063324  0.08127249506559851  0.025025025025025033  
 0  0.8099965168930685  0.5586020803412107  0.0856263787298269  0.025025025025025033  
 0  0.8201555787762682  0.6472777124951037  0.08562637872982708  0.026113069591330536  
 0  0.8179786369441541  0.7326892109500804  0.08417508417508417  0.025025025025025033  
 0  0.8281376988273538  0.8235409322365843  0.08127249506559851  0.030465247856552267  
 0  0.8324915824915824  0.9154806980893938  0.08417508417508417  0.027201114157635903  
