 0  0.42395216533147567  0.08584671628149887  0.09143155694879838  0.02828915872394132  
 0  0.4188726343898756  0.1924750837794316  0.08998026239405547  0.0304652478565522  
 0  0.4377394636015325  0.29094311703007353  0.08998026239405547  0.027201114157635868  
 0  0.43411122721467543  0.3823388605997301  0.08852896783931273  0.025025025025024968  
 0  0.454429350981075  0.47591069330199764  0.09433414605828404  0.02937720329024677  
 0  0.45370370370370366  0.5673064368716542  0.08998026239405547  0.027201114157635833  
 0  0.46966794380587473  0.6565260913087  0.08707767328456982  0.02937720329024677  
 0  0.4667653546963891  0.7473778125952039  0.08707767328456982  0.0261130695913304  
 0  0.48200394752118886  0.8327893110501806  0.0856263787298269  0.025025025025025033  
 0  0.48563218390804586  0.9165687426556992  0.08417508417508417  0.027201114157635903  
 0  0.7933066295135259  0.09074291682987334  0.08998026239405547  0.02937720329024677  
 0  0.7933066295135259  0.185946816381599  0.08417508417508417  0.028289158723941336  
 0  0.7962092186230116  0.28169473821647734  0.08998026239405547  0.0304652478565522  
 0  0.802014396841983  0.37200243721982845  0.08417508417508417  0.0304652478565522  
 0  0.8056426332288401  0.45850198024111066  0.09143155694879838  0.02937720329024677  
 0  0.8027400441193543  0.5493537015276145  0.08852896783931255  0.0304652478565522  
 0  0.8107221641704399  0.6358532445488967  0.08998026239405547  0.027201114157635903  
 0  0.8121734587251828  0.7158245201723462  0.08417508417508417  0.02393698045871967  
 0  0.8179786369441541  0.8017800409104756  0.08417508417508417  0.030465247856552136  
 0  0.8223325206083825  0.8926317621969795  0.08707767328456982  0.02937720329024677  
