 0  0.42177522349936136  0.08856682769726247  0.09288285150354113  0.031553292422857634  
 0  0.4195982816672471  0.1924750837794316  0.09723673516776969  0.0304652478565522  
 0  0.4391907581562753  0.28985507246376807  0.09288285150354113  0.0315532924228576  
 0  0.4355625217694183  0.38070679375027194  0.09143155694879838  0.02611306959133047  
 0  0.45588064553581786  0.4742786264525395  0.08562637872982708  0.02828915872394127  
 0  0.45007546731684656  0.5645863254558906  0.08272378962034124  0.023936980458719535  
 0  0.4689422965285034  0.6538059798929364  0.08562637872982708  0.02828915872394127  
 0  0.46966794380587473  0.7441136788962874  0.08707767328456982  0.030465247856552267  
 0  0.48200394752118886  0.8306132219175696  0.08272378962034142  0.022848935892414168  
 0  0.48926042029490296  0.9171127649388519  0.08852896783931255  0.0261130695913304  
 0  0.7896783931266689  0.0989032510771641  0.08562637872982708  0.03264133698916307  
 0  0.7889527458492975  0.189754972363668  0.08417508417508433  0.025025025025025033  
 0  0.7976605131777545  0.28223876049963004  0.08417508417508417  0.025025025025025033  
 0  0.7976605131777544  0.37200243721982845  0.08127249506559851  0.028289158723941336  
 0  0.8027400441193543  0.4579579579579579  0.08272378962034124  0.0239369804587196  
 0  0.8012887495646116  0.548265656961309  0.08272378962034142  0.02611306959133047  
 0  0.8056426332288401  0.6342211776994385  0.08272378962034124  0.0261130695913304  
 0  0.8078195750609543  0.7136484310397353  0.08417508417508417  0.0261130695913304  
 0  0.8172529896667827  0.8006919963441703  0.08272378962034124  0.026113069591330536  
 0  0.8172529896667827  0.8882795839317578  0.07982120051085577  0.022848935892414168  
