 0  0.4188726343898757  0.08693476084780433  0.10449320794148374  0.0304652478565522  
 0  0.4174213398351329  0.1930191060625843  0.09868802972251262  0.02937720329024677  
 0  0.43411122721467543  0.2903990947469208  0.09723673516776953  0.0282891587239413  
 0  0.429757343550447  0.3828828828828828  0.09723673516776969  0.028289158723941336  
 0  0.4522524091489608  0.47591069330199764  0.08707767328456982  0.0228489358924141  
 0  0.44789852548473236  0.5683944814379597  0.09578544061302678  0.031553292422857634  
 0  0.4667653546963891  0.6565260913087  0.08707767328456982  0.02937720329024677  
 0  0.4645884128642749  0.7473778125952039  0.09433414605828404  0.0261130695913304  
 0  0.47619876930221755  0.830069199634417  0.08272378962034142  0.02828915872394127  
 0  0.47982700568907455  0.9165687426556992  0.08998026239405547  0.025025025025025033  
 0  0.7875014512945546  0.09835922879401139  0.08417508417508417  0.02937720329024677  
 0  0.7838732149076976  0.19084301692997344  0.08562637872982708  0.02937720329024677  
 0  0.7911296876814118  0.2838708273490882  0.08562637872982708  0.028289158723941336  
 0  0.7962092186230117  0.3725464595029812  0.08707767328456982  0.02937720329024677  
 0  0.7983861604551259  0.45959002480741606  0.08852896783931273  0.027201114157635903  
 0  0.7991118077324972  0.5498977238107673  0.08417508417508417  0.02937720329024677  
 0  0.8049169859514685  0.6336771554162858  0.08417508417508417  0.02937720329024677  
 0  0.8027400441193543  0.7158245201723462  0.08562637872982708  0.0282891587239414  
 0  0.8114478114478114  0.8006919963441703  0.07982120051085577  0.030465247856552267  
 0  0.8121734587251827  0.8888236062149106  0.09288285150354113  0.026113069591330536  
