 0  0.4174213398351329  0.079862471166819  0.09868802972251262  0.02937720329024677  
 0  0.41597004528038994  0.18757888323105712  0.09578544061302678  0.02937720329024677  
 0  0.43483687449204683  0.28985507246376807  0.08998026239405547  0.027201114157635868  
 0  0.4283060489957041  0.3850589720154937  0.08852896783931273  0.0261130695913304  
 0  0.4529780564263322  0.4797188492840667  0.08852896783931255  0.0239369804587196  
 0  0.44789852548473236  0.5749227488357923  0.08998026239405547  0.025025025025025033  
 0  0.4638627655869034  0.6690386038212124  0.08707767328456982  0.023936980458719535  
 0  0.46168582375478917  0.7653305479392436  0.08562637872982708  0.027201114157635903  
 0  0.47982700568907466  0.8523741132436784  0.08707767328456982  0.027201114157635767  
 0  0.480552652966446  0.9421377899638768  0.09723673516776969  0.02828915872394127  
 0  0.8027400441193543  0.08802280541410976  0.08272378962034124  0.028289158723941336  
 0  0.7998374550098687  0.18431474953214083  0.08272378962034124  0.027201114157635903  
 0  0.8085452223383256  0.2789746268007137  0.09433414605828386  0.031553292422857634  
 0  0.8085452223383256  0.37363450406928667  0.08852896783931255  0.031553292422857634  
 0  0.8136247532799256  0.4644862253557905  0.08417508417508417  0.028289158723941336  
 0  0.8114478114478114  0.5596901249075161  0.08852896783931255  0.025025025025025033  
 0  0.8194299314988969  0.6483657570614092  0.08998026239405547  0.0282891587239414  
 0  0.8208812260536398  0.7321451886669277  0.08998026239405547  0.030465247856552267  
 0  0.8281376988273538  0.8219088653871262  0.08707767328456982  0.031553292422857634  
 0  0.8281376988273538  0.9138486312399356  0.08998026239405565  0.030465247856552267  
