 0  0.4188726343898757  0.07659833746790268  0.10159061883199827  0.02937720329024676  
 0  0.41597004528039005  0.1832267049658354  0.10159061883199827  0.031553292422857634  
 0  0.43411122721467543  0.2876789833311572  0.09723673516776953  0.0315532924228576  
 0  0.4283060489957041  0.3823388605997301  0.09433414605828404  0.02937720329024677  
 0  0.454429350981075  0.48080689385037206  0.08852896783931273  0.02611306959133047  
 0  0.45007546731684656  0.5749227488357923  0.09433414605828386  0.025025025025025033  
 0  0.4653140601416463  0.6690386038212124  0.09288285150354131  0.02828915872394127  
 0  0.4638627655869034  0.7642425033729381  0.08998026239405565  0.025025025025025033  
 0  0.4791013584117032  0.8523741132436784  0.0914315569487982  0.025025025025025033  
 0  0.48345524207593166  0.9405057231144186  0.09433414605828386  0.027201114157635903  
 0  0.7998374550098687  0.08530269399834615  0.09143155694879838  0.02937720329024675  
 0  0.8012887495646116  0.18105061583322454  0.08852896783931273  0.031553292422857634  
 0  0.8078195750609543  0.278430604517561  0.08998026239405547  0.028289158723941336  
 0  0.8092708696156972  0.37200243721982845  0.08998026239405547  0.02611306959133047  
 0  0.8121734587251827  0.4617661139400269  0.08127249506559851  0.022848935892414168  
 0  0.8128991060025542  0.5586020803412107  0.0856263787298269  0.025025025025025033  
 0  0.8208812260536398  0.6461896679287984  0.08707767328456982  0.0261130695913304  
 0  0.819429931498897  0.7310571441006223  0.09288285150354113  0.0282891587239414  
 0  0.831765935214211  0.8213648431039735  0.0856263787298269  0.03264133698916313  
 0  0.831765935214211  0.9122165643904775  0.0856263787298269  0.027201114157635903  
