 0  0.4166956925577615  0.07768638203420812  0.10013932427725535  0.03155329242285764  
 0  0.41597004528039005  0.18431474953214083  0.10159061883199827  0.02937720329024677  
 0  0.4319342853825612  0.2876789833311572  0.09578544061302678  0.029377203290246734  
 0  0.42975734355044687  0.3823388605997301  0.09433414605828404  0.027201114157635903  
 0  0.45007546731684656  0.4780867824346085  0.09433414605828386  0.02937720329024677  
 0  0.44572158365261805  0.575466771118945  0.09723673516776953  0.028289158723941336  
 0  0.46603970741901773  0.6684945815380599  0.09723673516776969  0.027201114157635903  
 0  0.4616858237547892  0.76261043652348  0.09433414605828404  0.030465247856552267  
 0  0.4725705329153605  0.8518300909605258  0.09578544061302678  0.02828915872394127  
 0  0.480552652966446  0.9437698568133349  0.09143155694879838  0.031553292422857634  
 0  0.8005631022872401  0.08693476084780431  0.08707767328456982  0.026113069591330453  
 0  0.7976605131777545  0.18431474953214083  0.08417508417508417  0.027201114157635903  
 0  0.8063682805062115  0.2806066936501719  0.08998026239405547  0.0304652478565522  
 0  0.8092708696156972  0.3725464595029812  0.08417508417508417  0.02937720329024677  
 0  0.8114478114478114  0.4644862253557905  0.09143155694879838  0.0304652478565522  
 0  0.8114478114478114  0.5586020803412107  0.09143155694879838  0.027201114157635903  
 0  0.8208812260536398  0.6472777124951037  0.08707767328456982  0.026113069591330536  
 0  0.8208812260536398  0.7321451886669277  0.09288285150354113  0.030465247856552267  
 0  0.8281376988273538  0.8219088653871262  0.08417508417508433  0.02937720329024677  
 0  0.8303146406594681  0.9160247203725463  0.09143155694879838  0.032641336989163  
