 0  0.4174213398351329  0.07605431518474996  0.09578544061302678  0.02611306959133046  
 0  0.41451875072564714  0.18540279409844626  0.09288285150354113  0.02937720329024677  
 0  0.4312086381051898  0.28822300561430997  0.0914315569487982  0.0282891587239413  
 0  0.42612910716358987  0.3823388605997301  0.09288285150354131  0.025025025025024968  
 0  0.4493498200394751  0.48026287156721936  0.08998026239405547  0.025025025025025033  
 0  0.4449959363752467  0.575466771118945  0.09578544061302678  0.028289158723941336  
 0  0.4638627655869034  0.6695826261043651  0.08417508417508433  0.025025025025025033  
 0  0.4624114710321606  0.7642425033729381  0.09288285150354131  0.025025025025025033  
 0  0.47619876930221755  0.852918135526831  0.08852896783931273  0.02828915872394127  
 0  0.47982700568907466  0.9421377899638769  0.09288285150354113  0.0261130695913304  
 0  0.8027400441193543  0.0863907385646516  0.08562637872982708  0.027201114157635885  
 0  0.8012887495646116  0.18159463811637722  0.08272378962034142  0.026113069591330435  
 0  0.8056426332288401  0.2795186490838665  0.08272378962034124  0.02611306959133047  
 0  0.8114478114478114  0.3725464595029812  0.07982120051085577  0.027201114157635903  
 0  0.8150760478346685  0.4628541585063324  0.08707767328456982  0.027201114157635903  
 0  0.8150760478346685  0.5580580580580581  0.08707767328456982  0.02611306959133047  
 0  0.8187042842215255  0.6483657570614092  0.08852896783931273  0.0282891587239414  
 0  0.8201555787762682  0.7343212777995386  0.08852896783931255  0.030465247856552136  
 0  0.8295889933820967  0.8251729990860425  0.08998026239405547  0.02937720329024677  
 0  0.8266864042726111  0.9165687426556992  0.08127249506559851  0.02937720329024677  
