 0  0.41451875072564726  0.08367062714888801  0.08998026239405547  0.028289158723941336  
 0  0.4130674561709043  0.18866692779736258  0.08998026239405547  0.027201114157635903  
 0  0.4312086381051898  0.28931105018061537  0.08852896783931273  0.02393698045871957  
 0  0.4268547544409612  0.3823388605997301  0.08852896783931273  0.027201114157635903  
 0  0.4493498200394751  0.47645471558515035  0.08417508417508417  0.023936980458719535  
 0  0.44572158365261805  0.5711145928537232  0.08852896783931273  0.0239369804587196  
 0  0.46096017647741777  0.6614222918570745  0.09288285150354113  0.0261130695913304  
 0  0.4580575873679321  0.7560821691256473  0.09288285150354113  0.0282891587239414  
 0  0.4732961801927319  0.8431257344300822  0.09723673516776953  0.030465247856552267  
 0  0.47765006385696035  0.9296252774513644  0.09143155694879838  0.031553292422857634  
 0  0.789678393126669  0.09455107281194237  0.08272378962034142  0.028289158723941336  
 0  0.7875014512945546  0.18757888323105712  0.07836990595611286  0.022848935892414168  
 0  0.7962092186230116  0.28223876049963004  0.08417508417508417  0.031553292422857634  
 0  0.7998374550098687  0.37200243721982845  0.09433414605828386  0.0304652478565522  
 0  0.8034656913967259  0.4606780693737215  0.08998026239405547  0.02937720329024677  
 0  0.8034656913967259  0.5558819689254472  0.08998026239405547  0.028289158723941336  
 0  0.8070939277835829  0.642925534229882  0.0914315569487982  0.030465247856552267  
 0  0.8092708696156972  0.7223527875701788  0.09288285150354113  0.030465247856552136  
 0  0.8165273423894112  0.8153805979892935  0.08707767328456982  0.0337293815554685  
 0  0.8201555787762682  0.9035122078600338  0.08852896783931255  0.02937720329024677  
