 0  0.4188726343898757  0.07279018148583366  0.10159061883199827  0.0304652478565522  
 0  0.41379310344827575  0.17996257126691909  0.103041913386741  0.0359054706880794  
 0  0.4319342853825612  0.2833268050659355  0.10159061883199809  0.02937720329024677  
 0  0.42830604899570407  0.3768986377682029  0.09723673516776969  0.02937720329024677  
 0  0.450801114594218  0.47536667101884494  0.09578544061302678  0.0304652478565522  
 0  0.44934982003947516  0.5711145928537232  0.09868802972251244  0.0304652478565522  
 0  0.4645884128642749  0.6657744701222962  0.10013932427725535  0.03481742612177387  
 0  0.4645884128642749  0.7620664142403273  0.09433414605828404  0.031553292422857766  
 0  0.47837571113433175  0.8501980241110675  0.09288285150354113  0.027201114157635903  
 0  0.48200394752118886  0.9394176785481132  0.09723673516776953  0.031553292422857634  
 0  0.8027400441193543  0.07931844888366628  0.09433414605828386  0.028289158723941336  
 0  0.8020143968419831  0.17561039300169734  0.09288285150354113  0.031553292422857634  
 0  0.8078195750609544  0.27353440396918655  0.09288285150354113  0.031553292422857634  
 0  0.8121734587251827  0.36656221438830133  0.08707767328456982  0.028289158723941336  
 0  0.8165273423894112  0.4574139356748052  0.08998026239405547  0.02937720329024677  
 0  0.8136247532799257  0.554249902075989  0.08707767328456982  0.027201114157635903  
 0  0.8187042842215255  0.642925534229882  0.0856263787298269  0.02828915872394127  
 0  0.823058167885754  0.7288810549680114  0.08852896783931255  0.0282891587239414  
 0  0.8310402879368396  0.8208208208208208  0.08707767328456982  0.02937720329024677  
 0  0.8303146406594681  0.9154806980893937  0.08562637872982708  0.0337293815554685  
