 0  0.41597004528038994  0.07659833746790269  0.09578544061302678  0.03590547068807939  
 0  0.41234180889353295  0.18540279409844626  0.10304191338674083  0.031553292422857634  
 0  0.429757343550447  0.2876789833311572  0.09723673516776969  0.0315532924228576  
 0  0.424677812608847  0.3828828828828828  0.09868802972251244  0.0304652478565522  
 0  0.4471728782073609  0.4786308047177612  0.09723673516776969  0.03264133698916307  
 0  0.44427028909787525  0.5749227488357923  0.09723673516776969  0.02937720329024677  
 0  0.4624114710321606  0.6695826261043651  0.09868802972251262  0.027201114157635903  
 0  0.4602345292000464  0.7653305479392436  0.09723673516776969  0.02937720329024677  
 0  0.4747474747474747  0.8545502023762893  0.09433414605828386  0.027201114157635767  
 0  0.4783757111343318  0.9432258345301823  0.09578544061302678  0.030465247856552136  
 0  0.8020143968419831  0.08639073856465161  0.08707767328456982  0.02937720329024677  
 0  0.7998374550098687  0.1832267049658354  0.09143155694879838  0.0337293815554685  
 0  0.8056426332288401  0.2789746268007137  0.09433414605828386  0.027201114157635903  
 0  0.8099965168930685  0.37145841493667575  0.0914315569487982  0.02937720329024677  
 0  0.8136247532799256  0.46339818078948514  0.08998026239405547  0.02611306959133047  
 0  0.8114478114478114  0.5591461026243634  0.09143155694879838  0.0304652478565522  
 0  0.8187042842215255  0.6494538016277147  0.08852896783931273  0.026113069591330536  
 0  0.8201555787762682  0.733777255516386  0.08852896783931255  0.02937720329024677  
 0  0.8281376988273538  0.8251729990860425  0.08707767328456982  0.0337293815554685  
 0  0.8295889933820967  0.9192888540714628  0.08707767328457  0.0261130695913304  
