 0  0.41597004528039005  0.07605431518474996  0.10159061883199827  0.028289158723941325  
 0  0.41016486706141875  0.1864908386647517  0.09868802972251244  0.02937720329024677  
 0  0.42975734355044687  0.2849588719153936  0.09433414605828404  0.028289158723941336  
 0  0.424677812608847  0.3823388605997301  0.09288285150354113  0.027201114157635903  
 0  0.4486241727621037  0.47917482700091396  0.0914315569487982  0.02937720329024677  
 0  0.4428189945431324  0.5760107934020977  0.0914315569487982  0.027201114157635903  
 0  0.46168582375478917  0.6684945815380599  0.09143155694879838  0.027201114157635903  
 0  0.45950888192267497  0.766418592505549  0.09868802972251262  0.02937720329024677  
 0  0.47402182747010335  0.8534621578099839  0.09288285150354113  0.027201114157635903  
 0  0.4783757111343318  0.9432258345301824  0.09578544061302678  0.02828915872394127  
 0  0.7991118077324972  0.08747878313095704  0.09578544061302678  0.031553292422857634  
 0  0.7991118077324973  0.18268268268268267  0.08707767328456982  0.0304652478565522  
 0  0.8041913386740972  0.27679853766810286  0.0914315569487982  0.031553292422857634  
 0  0.8092708696156972  0.37309048178613397  0.09578544061302678  0.028289158723941336  
 0  0.8128991060025542  0.4623101362231796  0.08852896783931273  0.02611306959133047  
 0  0.8128991060025542  0.5580580580580581  0.0914315569487982  0.03264133698916307  
 0  0.8187042842215255  0.6483657570614092  0.0856263787298269  0.030465247856552136  
 0  0.8187042842215255  0.7343212777995386  0.0856263787298269  0.0282891587239414  
 0  0.8288633461047253  0.826261043652348  0.08562637872982708  0.02937720329024677  
 0  0.8281376988273538  0.9176567872220045  0.08707767328456982  0.02937720329024677  
