 0  0.4130674561709044  0.08095051573312442  0.09868802972251244  0.03590547068807938  
 0  0.41234180889353295  0.18540279409844626  0.10304191338674083  0.0337293815554685  
 0  0.4290316962730755  0.2871349610480045  0.09578544061302678  0.03264133698916307  
 0  0.42395216533147567  0.38070679375027194  0.09723673516776969  0.028289158723941336  
 0  0.4471728782073609  0.47645471558515035  0.09433414605828386  0.0261130695913304  
 0  0.44354464182050385  0.5694825260042651  0.09288285150354113  0.025025025025025033  
 0  0.4602345292000463  0.6619663141402271  0.09433414605828404  0.02937720329024677  
 0  0.4602345292000464  0.7566261914088002  0.09723673516776969  0.031553292422857634  
 0  0.4747474747474747  0.843669756713235  0.09433414605828386  0.02937720329024677  
 0  0.476924416579589  0.9307133220176698  0.08707767328456982  0.027201114157635903  
 0  0.7889527458492975  0.09128693911302607  0.09288285150354113  0.03481742612177395  
 0  0.7882270985719261  0.18485877181529356  0.09143155694879838  0.0304652478565522  
 0  0.7954835713456403  0.2800626713670192  0.0914315569487982  0.031553292422857634  
 0  0.7983861604551259  0.37145841493667575  0.0856263787298269  0.02937720329024677  
 0  0.8020143968419831  0.45959002480741606  0.08707767328456982  0.027201114157635903  
 0  0.8027400441193543  0.5531618575096836  0.08852896783931255  0.027201114157635903  
 0  0.8107221641704399  0.6402054228141184  0.08417508417508417  0.027201114157635767  
 0  0.8092708696156972  0.7250728989859424  0.08417508417508417  0.027201114157635903  
 0  0.8179786369441541  0.8142925534229881  0.07836990595611286  0.02937720329024677  
 0  0.8172529896667827  0.9046002524263393  0.07982120051085577  0.02937720329024677  
