 0  0.4152443980030186  0.08149453801627714  0.09723673516776953  0.034817426121773944  
 0  0.41234180889353295  0.1864908386647517  0.10304191338674083  0.0337293815554685  
 0  0.4304829908278183  0.28659093876485175  0.09578544061302696  0.031553292422857634  
 0  0.42612910716358987  0.3817948383165774  0.08998026239405547  0.028289158723941336  
 0  0.44789852548473236  0.4753666710188449  0.08998026239405547  0.02828915872394127  
 0  0.44427028909787525  0.5694825260042651  0.09143155694879838  0.02937720329024677  
 0  0.4638627655869034  0.6608782695739217  0.09578544061302696  0.0337293815554685  
 0  0.4616858237547892  0.7555381468424945  0.08852896783931273  0.027201114157635903  
 0  0.47547312202484615  0.8425817121469295  0.08998026239405547  0.027201114157635903  
 0  0.4791013584117032  0.930169299734517  0.08852896783931273  0.0261130695913304  
 0  0.7918553349587831  0.09074291682987334  0.08707767328456982  0.031553292422857634  
 0  0.7867758040171832  0.18431474953214083  0.09143155694879838  0.031553292422857634  
 0  0.7976605131777545  0.2800626713670192  0.09578544061302678  0.031553292422857634  
 0  0.8020143968419831  0.37145841493667575  0.09288285150354113  0.02937720329024677  
 0  0.802014396841983  0.46013404709056877  0.08998026239405547  0.028289158723941336  
 0  0.802014396841983  0.5526178352265309  0.08417508417508417  0.0304652478565522  
 0  0.8085452223383256  0.6396614005309657  0.09143155694879838  0.032641336989163  
 0  0.8114478114478114  0.7245288767027896  0.09143155694879838  0.030465247856552136  
 0  0.819429931498897  0.81266048657353  0.08707767328456982  0.030465247856552136  
 0  0.817978636944154  0.9046002524263393  0.08707767328456982  0.02937720329024677  
