 0  0.13005604288499023  0.11134123889971843  0.09238953866146846  0.015567468052848176  
 0  0.21838450292397657  0.16582737708468703  0.09238953866146846  0.014890621615767801  
 0  0.21686159844054578  0.26024745505739655  0.093404808317089  0.014213775178687469  
 0  0.08030782975958414  0.36888130820879356  0.0984811565951917  0.012183235867446407  
 0  0.19604857050032487  0.4798841238899718  0.09645061728395064  0.025720164609053523  
 0  0.23818226120857697  0.5814110894520251  0.09746588693957112  0.02436647173489273  
 0  0.6478435672514619  0.021320662768031188  0.06802306692657573  0.014213775178687459  
 0  0.6503817413905132  0.04331817197314273  0.06497725795971408  0.016244314489928524  
 0  0.6513970110461338  0.06565410439679445  0.06700779727095514  0.014890621615767822  
 0  0.6524122807017544  0.08663634394628546  0.07106887589343738  0.01624431448992852  
 0  0.6544428200129954  0.10897227636993718  0.06700779727095527  0.013536928741607094  
 0  0.6564733593242366  0.12961609270088803  0.0690383365821962  0.016921160927008884  
 0  0.6585038986354774  0.15161360190599957  0.0690383365821962  0.014890621615767822  
 0  0.6605344379467186  0.17225741823695037  0.0690383365821962  0.015567468052848176  
 0  0.6625649772579597  0.19425492744206196  0.06700779727095514  0.014890621615767822  
 0  0.6635802469135802  0.21625243664717347  0.06700779727095514  0.012860082304526762  
 0  0.6666260558804418  0.23757309941520469  0.06700779727095514  0.014890621615767822  
 0  0.6666260558804417  0.259232185401776  0.0690383365821962  0.014890621615767822  
 0  0.6686565951916829  0.280214424951267  0.0690383365821962  0.013536928741607073  
 0  0.6696718648473033  0.30221193415637854  0.06700779727095514  0.014213775178687427  
 0  0.6717024041585445  0.32387102014294994  0.06497725795971408  0.012860082304526762  
 0  0.672717673814165  0.3445148364739008  0.06497725795971408  0.014890621615767822  
 0  0.6772863872644573  0.3651586528048516  0.06599252761533467  0.014213775178687469  
 0  0.6783016569200779  0.38614089235434257  0.06802306692657573  0.012860082304526678  
 0  0.6798245614035088  0.4071231319038336  0.0690383365821962  0.014213775178687469  
 0  0.6823627355425601  0.4277669482347845  0.06599252761533467  0.013536928741607156  
 0  0.6833780051981805  0.4487491877842755  0.06396198830409361  0.01489062161576778  
 0  0.6843932748538011  0.4700698505523066  0.06599252761533467  0.014213775178687469  
 0  0.6874390838206627  0.491728936538878  0.06599252761533454  0.012860082304526762  
 0  0.6889619883040935  0.5127111760883691  0.06497725795971408  0.014213775178687469  
 0  0.6920077972709552  0.5347086852934807  0.0690383365821962  0.012183235867446365  
 0  0.6930230669265756  0.5550140784058912  0.07106887589343726  0.013536928741607073  
 0  0.6955612410656269  0.5749810482997617  0.06802306692657573  0.012860082304526762  
 0  0.6975917803768681  0.5956248646307125  0.07005360623781667  0.014890621615767864  
 0  0.6991146848602989  0.6176223738358241  0.0690383365821962  0.014213775178687469  
 0  0.7016528589993503  0.6382661901667749  0.06802306692657573  0.013536928741607156  
