 0  0.08175386382623226  0.36201615148983574  0.09529030910609854  0.019145084934558628  
 0  0.08697525062656643  0.478192007797271  0.09267961570593156  0.02175577833472566  
 0  0.0921966374269006  0.5974136730715679  0.09529030910609854  0.01827485380116959  
 0  0.09741802422723476  0.7162002227791702  0.09790100250626566  0.020885547201336663  
 0  0.3827439692982456  0.36065423976608185  0.09594298245614036  0.02055921052631579  
 0  0.3921669407894737  0.47715643274853803  0.09765625  0.02055921052631579  
 0  0.39559347587719296  0.5942297149122807  0.1010827850877193  0.021701388888888888  
 0  0.4041598135964912  0.7124451754385965  0.0942297149122807  0.02055921052631579  
 0  0.4127261513157895  0.8306606359649122  0.09765625  0.01941703216374269  
 0  0.10176809210526316  0.8340871710526315  0.09594298245614036  0.01941703216374269  
 0  0.10862116228070176  0.9545869883040936  0.09594298245614036  0.02284356725146199  
 0  0.41700932017543857  0.9500182748538012  0.09936951754385964  0.02055921052631579  
 0  0.9089912280701754  0.47002923976608185  0.08991228070175439  0.01608187134502924  
 0  0.9150219298245614  0.5657894736842105  0.09100877192982457  0.01608187134502924  
 0  0.9232456140350878  0.6575292397660819  0.08991228070175439  0.015350877192982455  
 0  0.8746104570637119  0.7781240381655894  0.09954986149584474  0.01538935056940591  
 0  0.8818242151431209  0.8743074792243768  0.09377885503231771  0.013465681748230233  
 0  0.6929958279845956  0.3162441163885323  0.06619062901155329  0.012034659820282395  
 0  0.6946673085151904  0.33697047496790755  0.06418485237483951  0.011588931678790486  
 0  0.6956701968335474  0.35814256168877473  0.06619062901155329  0.0129261161032663  
 0  0.6983445656824988  0.3777545999144202  0.06485344458707742  0.012034659820282437  
 0  0.7002638432017544  0.39747807017543857  0.06424753289473684  0.013706140350877192  
 0  0.7015487938596491  0.41832282529239767  0.06681743421052631  0.013135051169590644  
 0  0.7032620614035088  0.4397386695906433  0.06510416666666667  0.014848318713450293  
 0  0.7041186951754386  0.4614400584795322  0.06339089912280702  0.012563961988304093  
 0  0.706140350877193  0.4824561403508772  0.06359649122807018  0.014619883040935672  
 0  0.7055921052631579  0.5043859649122807  0.0668859649122807  0.013157894736842105  
 0  0.7066885964912281  0.5241228070175439  0.06907894736842106  0.014619883040935672  
 0  0.7099780701754386  0.5464181286549707  0.0668859649122807  0.013888888888888888  
 0  0.7105263157894737  0.5665204678362573  0.06359649122807018  0.01608187134502924  
 0  0.7138157894736842  0.5877192982456141  0.06798245614035088  0.011695906432748537  
 0  0.7143640350877193  0.6089181286549707  0.0668859649122807  0.014619883040935672  
 0  0.7143640350877193  0.6297514619883041  0.0668859649122807  0.013888888888888888  
 0  0.7181103801169592  0.6513680033416877  0.06526733500417722  0.014793929267613522  
 0  0.7181103801169592  0.6722535505430242  0.06526733500417722  0.016534391534391516  
 0  0.7200684001670844  0.6944444444444444  0.06918337510442771  0.01566416040100252  
 0  0.7226790935672516  0.7148948760790866  0.07179406850459483  0.014793929267613522  
 0  0.7233317669172934  0.7370857699805069  0.06787802840434434  0.015664160401002436  
 0  0.7246371136173768  0.7588415483152325  0.06526733500417722  0.017404622667780593  
 0  0.7377558479532165  0.9289717348927876  0.0700536062378168  0.016244314489928656  
 0  0.9623994883040936  0.9272457764782326  0.07465277777777769  0.016853476283300754  
 0  0.7278569688109163  0.8213531513970111  0.06548489278752431  0.014213775178687552  
 0  0.7309027777777778  0.842166179337232  0.06548489278752456  0.015229044834307938  
 0  0.7331871345029239  0.8645021117608839  0.0700536062378168  0.01725958414554904  
 0  0.7362329434697856  0.8868380441845354  0.07309941520467844  0.015229044834307938  
 0  0.7377558479532165  0.9076510721247564  0.06700779727095514  0.014213775178687386  
 0  0.7263340643274855  0.7797270955165693  0.06853070175438597  0.014213775178687386  
 0  0.7278569688109163  0.7995248538011696  0.06853070175438597  0.015229044834307938  
