 0  0.08101135190918472  0.3491357069143447  0.09513673890608873  0.020424836601307186  
 0  0.08181759545923627  0.47275971792225663  0.09674922600619185  0.022574819401444783  
 0  0.08020510835913304  0.5958462332301341  0.0999742002063983  0.021499828001375964  
 0  0.08020510835913304  0.7216202270381836  0.0999742002063983  0.01934984520123841  
 0  0.08101135190918472  0.84578173374613  0.09513673890608873  0.024724802201582338  
 0  0.08020510835913304  0.9726307189542484  0.10319917440660475  0.01827485380116959  
 0  0.3914151186790505  0.3598856209150327  0.0935242518059855  0.022574819401444783  
 0  0.3962525799793601  0.47813467492260053  0.09674922600619185  0.022574819401444783  
 0  0.4027025283797729  0.5942337461300309  0.0999742002063983  0.022574819401444783  
 0  0.4067337461300309  0.7119453044375644  0.10481166150670786  0.01934984520123841  
 0  0.4139899380804953  0.8307318541451669  0.09997420020639843  0.02042483660130706  
 0  0.4164086687306501  0.9495184038527692  0.09836171310629507  0.02149982800137588  
 0  0.9203108875128998  0.5646714826281389  0.08707430340557284  0.01719986240110077  
 0  0.917892156862745  0.47114723082215343  0.09191176470588253  0.01934984520123841  
 0  0.925954592363261  0.658733230134159  0.09191176470588228  0.01827485380116959  
 0  0.8751612487100102  0.7769822841417268  0.09997420020639818  0.01612487100103195  
 0  0.8824174406604746  0.8748065015479874  0.09513673890608873  0.016124871001032118  
 0  0.9624371130030959  0.9283571981424148  0.0745775283797732  0.015727124183006525  
 0  0.7026251289989678  0.3168859649122807  0.06772445820433436  0.013974888200894356  
 0  0.7026251289989678  0.33784829721362225  0.06772445820433436  0.015049879600963175  
 0  0.7058501031991743  0.3593481252149982  0.06772445820433436  0.015049879600963175  
 0  0.706656346749226  0.379235466116271  0.06933694530443758  0.013974888200894315  
 0  0.7090750773993808  0.3991228070175439  0.06772445820433436  0.012899896800825579  
 0  0.7074625902992775  0.4200851393188854  0.06449948400412789  0.01612487100103195  
 0  0.7090750773993808  0.44158496732026137  0.06772445820433436  0.013974888200894398  
 0  0.710687564499484  0.462547299621603  0.07094943240454081  0.01719986240110077  
 0  0.7106875644994839  0.48350963192294455  0.07417440660474701  0.01612487100103195  
 0  0.710687564499484  0.5050094599243206  0.07094943240454081  0.016124871001032035  
 0  0.7114938080495355  0.5259717922256621  0.06933694530443758  0.01719986240110077  
 0  0.7139125386996903  0.5469341245270037  0.07739938080495347  0.01612487100103195  
 0  0.7139125386996903  0.5673589611283109  0.07094943240454056  0.016124871001032035  
 0  0.716331269349845  0.5883212934296526  0.07256191950464404  0.01719986240110077  
 0  0.7179437564499482  0.610358617131063  0.06611197110423112  0.013974888200894398  
 0  0.7203624871001031  0.63078345373237  0.06772445820433436  0.013974888200894398  
 0  0.7203624871001031  0.6528207774337805  0.07094943240454081  0.015049879600963134  
 0  0.7211687306501547  0.6732456140350878  0.06611197110423112  0.015049879600963217  
 0  0.7227812177502579  0.6963579291365668  0.06933694530443758  0.013974888200894398  
 0  0.7235874613003096  0.7162452700378397  0.07417440660474726  0.015049879600963134  
 0  0.7251999484004128  0.7377450980392157  0.06772445820433436  0.012899896800825579  
 0  0.7268124355005159  0.7603199174406604  0.07417440660474701  0.012899896800825495  
 0  0.7276186790505675  0.7807447540419676  0.06933694530443733  0.01719986240110077  
 0  0.7284249226006191  0.8033195734434125  0.07094943240454056  0.0150498796009633  
 0  0.7292311661506707  0.8232069143446852  0.07256191950464379  0.01612487100103195  
 0  0.7308436532507738  0.8452442380460956  0.06933694530443758  0.015049879600963134  
 0  0.732456140350877  0.8662065703474372  0.07256191950464404  0.013974888200894481  
 0  0.7340686274509803  0.8877063983488132  0.06933694530443758  0.013974888200894315  
 0  0.7332623839009287  0.9092062263501892  0.06772445820433436  0.01612487100103195  
 0  0.7356811145510835  0.9312435500515994  0.06933694530443758  0.01719986240110077  
