 0  0.1326109391124871  0.30506105951152385  0.10158668730650153  0.020424836601307186  
 0  0.13906088751289983  0.4351350189198486  0.10803663570691431  0.020424836601307145  
 0  0.14309210526315783  0.5668214654282765  0.10642414860681121  0.023649810801513602  
 0  0.15115454076367385  0.6985079119367045  0.10642414860681121  0.022574819401444783  
 0  0.15518575851393185  0.8296568627450981  0.11126160990712078  0.0225748194014447  
 0  0.16163570691434465  0.9656432748538012  0.10803663570691431  0.02149982800137588  
 0  0.42403752436647174  0.35839018843404813  0.06091617933723195  0.022335932423651755  
 0  0.4240375243664718  0.4746385640025992  0.05177875243664712  0.02132066276803116  
 0  0.4217531676413256  0.59088693957115  0.038072612085769925  0.022335932423651714  
 0  0.7072977582846004  0.31879467186484733  0.06396198830409348  0.014213775178687469  
 0  0.7103435672514621  0.339100064977258  0.06396198830409348  0.012183235867446365  
 0  0.7095821150097467  0.3599130929174789  0.06548489278752431  0.013198505523066917  
 0  0.7122594793435202  0.3805296170533861  0.061898698358800276  0.01120071684587817  
 0  0.7131437464629315  0.3999834936804377  0.06543576683644603  0.012379739671760004  
 0  0.7149122807017544  0.4209111488398415  0.06366723259762302  0.012969251084700923  
 0  0.7162386813808715  0.44154404829277494  0.06632003395585741  0.012969251084701006  
 0  0.7149122807017544  0.4633559705715903  0.061898698358800276  0.012969251084701006  
 0  0.7149122807017544  0.48546264855687604  0.06366723259762302  0.013558762497641923  
 0  0.7162386813808715  0.5060955480098095  0.06455149971703453  0.013558762497641923  
 0  0.7162386813808715  0.5267284474627428  0.06278296547821165  0.013558762497642006  
 0  0.7165798611111112  0.5471034356725146  0.06510416666666667  0.012944688109161821  
 0  0.7182931286549707  0.5688048245614035  0.06396198830409348  0.013706140350877192  
 0  0.7188642178362574  0.5901254873294347  0.06510416666666667  0.013706140350877192  
 0  0.7194353070175439  0.6110654239766082  0.06624634502923972  0.012944688109161821  
 0  0.7211485745614035  0.6316246345029239  0.06510416666666667  0.014467592592592565  
 0  0.7217196637426901  0.6533260233918129  0.06624634502923984  0.012183235867446365  
 0  0.919887609649123  0.47171966374269003  0.08794773391812857  0.014467592592592565  
 0  0.919887609649123  0.5649975633528266  0.08794773391812857  0.015229044834308019  
 0  0.9250274122807017  0.6567525584795322  0.08908991228070176  0.015990497076023392  
 0  0.7217196637426901  0.6746466861598441  0.06853070175438597  0.013706140350877192  
 0  0.7234329312865497  0.6955866228070176  0.06738852339181278  0.014467592592592565  
 0  0.7211687306501547  0.7157077743378052  0.06611197110423112  0.01612487100103195  
 0  0.7243937048503611  0.7398950808393533  0.06288699690402466  0.012899896800825662  
 0  0.7227812177502579  0.7603199174406604  0.06288699690402466  0.012899896800825495  
 0  0.7243937048503611  0.781282249742002  0.06611197110423112  0.013974888200894315  
 0  0.7276186790505675  0.8033195734434125  0.06933694530443733  0.0150498796009633  
 0  0.728424922600619  0.824281905744754  0.06772445820433436  0.013974888200894315  
 0  0.7300374097007222  0.8452442380460956  0.06772445820433436  0.015049879600963134  
 0  0.7292311661506706  0.867281561747506  0.06611197110423112  0.013974888200894481  
 0  0.7284249226006191  0.8893188854489164  0.06449948400412814  0.012899896800825495  
 0  0.7300374097007222  0.9097437220502236  0.06772445820433436  0.015049879600963134  
 0  0.7316498968008255  0.9323185414516683  0.06449948400412789  0.01719986240110077  
 0  0.8751612487100103  0.7764447884416924  0.0935242518059855  0.0150498796009633  
 0  0.881611197110423  0.8742690058479532  0.0935242518059855  0.0150498796009633  
 0  0.9632433565531475  0.928986068111455  0.07296504127966996  0.014834881320949568  
