 0  0.36915204678362573  0.19517543859649122  0.06067251461988304  0.02412280701754386  
 0  0.3684210526315789  0.3333333333333333  0.05921052631578947  0.02850877192982456  
 0  0.3673245614035088  0.4720394736842105  0.059941520467836254  0.029605263157894735  
 0  0.3676900584795322  0.6107456140350878  0.06067251461988304  0.03070175438596491  
 0  0.3684210526315789  0.75  0.05921052631578947  0.02631578947368421  
 0  0.3676900584795322  0.8903508771929824  0.05921052631578947  0.03070175438596491  
 0  0.5332602339181286  0.20942982456140352  0.06140350877192982  0.02850877192982456  
 0  0.5332602339181286  0.3475877192982456  0.059941520467836254  0.02850877192982456  
 0  0.5321637426900585  0.48793859649122806  0.05921052631578947  0.02850877192982456  
 0  0.5332602339181286  0.6304824561403509  0.06140350877192982  0.02850877192982456  
 0  0.5317982456140351  0.7702850877192983  0.06140350877192982  0.027412280701754384  
 0  0.5325292397660819  0.9117324561403509  0.059941520467836254  0.027412280701754384  
