 0  0.3684210526315789  0.1962719298245614  0.0577485380116959  0.02631578947368421  
 0  0.36915204678362573  0.3338815789473684  0.06067251461988304  0.029605263157894735  
 0  0.3676900584795322  0.4731359649122807  0.0577485380116959  0.025219298245614034  
 0  0.3669590643274854  0.612390350877193  0.0577485380116959  0.027412280701754384  
 0  0.3673245614035088  0.7521929824561403  0.059941520467836254  0.02850877192982456  
 0  0.3673245614035088  0.8908991228070176  0.059941520467836254  0.027412280701754384  
 0  0.5332602339181286  0.20942982456140352  0.05847953216374269  0.02631578947368421  
 0  0.5317982456140351  0.34923245614035087  0.06140350877192982  0.027412280701754384  
 0  0.5325292397660819  0.4895833333333333  0.059941520467836254  0.029605263157894735  
 0  0.5317982456140351  0.6304824561403509  0.059941520467836254  0.02850877192982456  
 0  0.5317982456140351  0.7724780701754386  0.059941520467836254  0.025219298245614034  
 0  0.5321637426900585  0.9150219298245614  0.06067251461988304  0.027412280701754384  
