 0  0.35526315789473684  0.21655701754385964  0.062134502923976605  0.025219298245614034  
 0  0.35964912280701755  0.35471491228070173  0.062134502923976605  0.027412280701754384  
 0  0.3654970760233918  0.4906798245614035  0.06067251461988304  0.029605263157894735  
 0  0.3713450292397661  0.6288377192982456  0.06359649122807018  0.03399122807017544  
 0  0.3786549707602339  0.7697368421052632  0.05921052631578947  0.02850877192982456  
 0  0.3841374269005848  0.9089912280701754  0.059941520467836254  0.02850877192982456  
 0  0.5138888888888888  0.1924342105263158  0.05921052631578947  0.025219298245614034  
 0  0.5201023391812866  0.32894736842105265  0.059941520467836254  0.03070175438596491  
 0  0.5248538011695907  0.47039473684210525  0.06067251461988304  0.02631578947368421  
 0  0.5310672514619883  0.6107456140350878  0.06140350877192982  0.03070175438596491  
 0  0.5372807017543859  0.7532894736842105  0.062134502923976605  0.03289473684210526  
 0  0.5445906432748538  0.8941885964912281  0.06359649122807018  0.029605263157894735  
