 0  0.36001461988304095  0.19682017543859648  0.06286549707602339  0.027412280701754384  
 0  0.52046783625731  0.18146929824561403  0.06067251461988304  0.027412280701754384  
 0  0.3622076023391813  0.3344298245614035  0.05847953216374269  0.03070175438596491  
 0  0.5226608187134503  0.31853070175438597  0.06067251461988304  0.029605263157894735  
 0  0.36622807017543857  0.4731359649122807  0.05921052631578947  0.029605263157894735  
 0  0.5259502923976608  0.4594298245614035  0.06140350877192982  0.03070175438596491  
 0  0.36915204678362573  0.612390350877193  0.05921052631578947  0.027412280701754384  
 0  0.5285087719298246  0.6014254385964912  0.06067251461988304  0.03179824561403509  
 0  0.5325292397660819  0.7423245614035088  0.06140350877192982  0.03070175438596491  
 0  0.5361842105263158  0.8832236842105263  0.06140350877192982  0.027412280701754384  
 0  0.37207602339181284  0.7510964912280702  0.05921052631578947  0.02850877192982456  
 0  0.3753654970760234  0.8914473684210527  0.06286549707602339  0.03070175438596491  
