 0  0.3607456140350877  0.19846491228070176  0.05847953216374269  0.02631578947368421  
 0  0.36330409356725146  0.33497807017543857  0.0577485380116959  0.027412280701754384  
 0  0.36622807017543857  0.4720394736842105  0.05921052631578947  0.03179824561403509  
 0  0.36915204678362573  0.6112938596491229  0.06067251461988304  0.027412280701754384  
 0  0.37207602339181284  0.7510964912280702  0.05921052631578947  0.02412280701754386  
 0  0.37609649122807015  0.8887061403508771  0.06286549707602339  0.03179824561403509  
 0  0.52046783625731  0.18037280701754385  0.06067251461988304  0.029605263157894735  
 0  0.5230263157894737  0.31743421052631576  0.059941520467836254  0.03179824561403509  
 0  0.5266812865497076  0.4594298245614035  0.05847953216374269  0.02850877192982456  
 0  0.528874269005848  0.600328947368421  0.059941520467836254  0.029605263157894735  
 0  0.5317982456140351  0.7406798245614035  0.06140350877192982  0.027412280701754384  
 0  0.5365497076023392  0.8837719298245614  0.062134502923976605  0.02631578947368421  
