 0  0.3881578947368421  0.2532894736842105  0.05921052631578947  0.02850877192982456  
 0  0.391812865497076  0.39144736842105265  0.06359649122807018  0.03070175438596491  
 0  0.39473684210526316  0.5301535087719298  0.05921052631578947  0.027412280701754384  
 0  0.3987573099415205  0.6694078947368421  0.059941520467836254  0.027412280701754384  
 0  0.4031432748538012  0.8092105263157895  0.059941520467836254  0.02631578947368421  
 0  0.4071637426900585  0.950109649122807  0.062134502923976605  0.029605263157894735  
 0  0.5548245614035088  0.23903508771929824  0.06067251461988304  0.02631578947368421  
 0  0.5592105263157895  0.37609649122807015  0.06067251461988304  0.02631578947368421  
 0  0.5646929824561403  0.5158991228070176  0.06578947368421052  0.03618421052631579  
 0  0.5701754385964912  0.6584429824561403  0.06067251461988304  0.029605263157894735  
 0  0.5767543859649122  0.799890350877193  0.06359649122807018  0.027412280701754384  
 0  0.5818713450292398  0.9407894736842105  0.06067251461988304  0.02850877192982456  
