 0  0.3567251461988304  0.24232456140350878  0.06067251461988304  0.02631578947368421  
 0  0.5182748538011696  0.22861842105263158  0.06067251461988304  0.027412280701754384  
 0  0.35928362573099415  0.3788377192982456  0.05847953216374269  0.029605263157894735  
 0  0.52046783625731  0.3673245614035088  0.06067251461988304  0.02850877192982456  
 0  0.5244883040935673  0.5071271929824561  0.06140350877192982  0.025219298245614034  
 0  0.3622076023391813  0.5191885964912281  0.05847953216374269  0.027412280701754384  
 0  0.5274122807017544  0.6491228070175439  0.06286549707602339  0.02850877192982456  
 0  0.5307017543859649  0.7905701754385965  0.06067251461988304  0.02850877192982456  
 0  0.3651315789473684  0.6567982456140351  0.05847953216374269  0.02412280701754386  
 0  0.36915204678362573  0.7955043859649122  0.06067251461988304  0.023026315789473683  
 0  0.37244152046783624  0.9364035087719298  0.05847953216374269  0.02850877192982456  
 0  0.5328947368421053  0.9320175438596491  0.06067251461988304  0.02850877192982456  
