 0  0.3567251461988304  0.24177631578947367  0.05921052631578947  0.027412280701754384  
 0  0.5182748538011696  0.22861842105263158  0.06067251461988304  0.025219298245614034  
 0  0.35964912280701755  0.3782894736842105  0.05921052631578947  0.03070175438596491  
 0  0.5201023391812866  0.3678728070175439  0.06432748538011696  0.029605263157894735  
 0  0.3618421052631579  0.5180921052631579  0.05921052631578947  0.027412280701754384  
 0  0.5233918128654971  0.5076754385964912  0.05921052631578947  0.02850877192982456  
 0  0.3654970760233918  0.65625  0.05921052631578947  0.025219298245614034  
 0  0.5266812865497076  0.6485745614035088  0.059941520467836254  0.027412280701754384  
 0  0.3676900584795322  0.7966008771929824  0.05921052631578947  0.025219298245614034  
 0  0.5296052631578947  0.7911184210526315  0.06286549707602339  0.029605263157894735  
 0  0.5339912280701754  0.9325657894736842  0.06140350877192982  0.027412280701754384  
 0  0.37207602339181284  0.9364035087719298  0.06067251461988304  0.02412280701754386  
