 0  0.35599415204678364  0.24232456140350878  0.05921052631578947  0.02412280701754386  
 0  0.5182748538011696  0.22861842105263158  0.05921052631578947  0.025219298245614034  
 0  0.5211988304093568  0.3684210526315789  0.06067251461988304  0.02412280701754386  
 0  0.3603801169590643  0.3793859649122807  0.06067251461988304  0.02850877192982456  
 0  0.5237573099415205  0.5071271929824561  0.059941520467836254  0.027412280701754384  
 0  0.3611111111111111  0.5191885964912281  0.06067251461988304  0.025219298245614034  
 0  0.3651315789473684  0.65625  0.059941520467836254  0.027412280701754384  
 0  0.5263157894736842  0.6491228070175439  0.06067251461988304  0.02631578947368421  
 0  0.3684210526315789  0.7966008771929824  0.0577485380116959  0.025219298245614034  
 0  0.5299707602339181  0.7900219298245614  0.05921052631578947  0.027412280701754384  
 0  0.5332602339181286  0.9314692982456141  0.059941520467836254  0.025219298245614034  
 0  0.37207602339181284  0.9358552631578947  0.0577485380116959  0.023026315789473683  
