 0  0.40789473684210525  0.23903508771929824  0.0577485380116959  0.021929824561403508  
 0  0.5683479532163743  0.23026315789473684  0.059941520467836254  0.02412280701754386  
 0  0.5720029239766082  0.3678728070175439  0.059941520467836254  0.029605263157894735  
 0  0.5752923976608187  0.5082236842105263  0.06067251461988304  0.029605263157894735  
 0  0.4108187134502924  0.3782894736842105  0.062134502923976605  0.03070175438596491  
 0  0.5793128654970761  0.6518640350877193  0.05847953216374269  0.029605263157894735  
 0  0.5826023391812866  0.7927631578947368  0.062134502923976605  0.02850877192982456  
 0  0.5862573099415205  0.9342105263157895  0.062134502923976605  0.02631578947368421  
 0  0.4137426900584795  0.5169956140350878  0.05921052631578947  0.025219298245614034  
 0  0.41703216374269003  0.6557017543859649  0.06140350877192982  0.02631578947368421  
 0  0.42178362573099415  0.7960526315789473  0.06067251461988304  0.02631578947368421  
 0  0.4247076023391813  0.9353070175438597  0.062134502923976605  0.02850877192982456  
