 0  0.40789473684210525  0.24013157894736842  0.05921052631578947  0.02631578947368421  
 0  0.5676169590643275  0.23026315789473684  0.06140350877192982  0.02631578947368421  
 0  0.41154970760233917  0.37774122807017546  0.062134502923976605  0.03179824561403509  
 0  0.5720029239766082  0.3684210526315789  0.06140350877192982  0.03070175438596491  
 0  0.5752923976608187  0.5087719298245614  0.062134502923976605  0.03070175438596491  
 0  0.41483918128654973  0.5164473684210527  0.06140350877192982  0.02850877192982456  
 0  0.41776315789473684  0.6551535087719298  0.06140350877192982  0.029605263157894735  
 0  0.5793128654970761  0.649671052631579  0.059941520467836254  0.027412280701754384  
 0  0.42141812865497075  0.7944078947368421  0.059941520467836254  0.027412280701754384  
 0  0.5833333333333334  0.7916666666666666  0.062134502923976605  0.03070175438596491  
 0  0.4243421052631579  0.9347587719298246  0.059941520467836254  0.027412280701754384  
 0  0.5866228070175439  0.9342105263157895  0.059941520467836254  0.02631578947368421  
