 0  0.40752923976608185  0.23848684210526316  0.059941520467836254  0.025219298245614034  
 0  0.5687134502923976  0.22971491228070176  0.06067251461988304  0.025219298245614034  
 0  0.5723684210526315  0.3673245614035088  0.05921052631578947  0.03070175438596491  
 0  0.4108187134502924  0.37664473684210525  0.05921052631578947  0.027412280701754384  
 0  0.4144736842105263  0.5169956140350878  0.05921052631578947  0.03179824561403509  
 0  0.5752923976608187  0.5087719298245614  0.062134502923976605  0.02850877192982456  
 0  0.41703216374269003  0.6551535087719298  0.059941520467836254  0.025219298245614034  
 0  0.5793128654970761  0.6507675438596491  0.06286549707602339  0.029605263157894735  
 0  0.42105263157894735  0.7955043859649122  0.05921052631578947  0.027412280701754384  
 0  0.5818713450292398  0.7927631578947368  0.062134502923976605  0.02631578947368421  
 0  0.4239766081871345  0.9353070175438597  0.05921052631578947  0.02850877192982456  
 0  0.5866228070175439  0.9342105263157895  0.06140350877192982  0.03070175438596491  
