 0  0.3165204678362573  0.22149122807017543  0.05043859649122807  0.02412280701754386  
 0  0.32090643274853803  0.36019736842105265  0.05043859649122807  0.025219298245614034  
 0  0.3256578947368421  0.49890350877192985  0.05263157894736842  0.02412280701754386  
 0  0.3304093567251462  0.6387061403508771  0.051900584795321635  0.020833333333333332  
 0  0.3347953216374269  0.7801535087719298  0.05043859649122807  0.025219298245614034  
 0  0.3402777777777778  0.9221491228070176  0.05116959064327485  0.02631578947368421  
 0  0.4758771929824561  0.21162280701754385  0.06067251461988304  0.02631578947368421  
 0  0.47989766081871343  0.34868421052631576  0.06140350877192982  0.03070175438596491  
 0  0.48428362573099415  0.48903508771929827  0.06140350877192982  0.03070175438596491  
 0  0.48830409356725146  0.6277412280701754  0.05921052631578947  0.029605263157894735  
 0  0.4934210526315789  0.768640350877193  0.06359649122807018  0.03289473684210526  
 0  0.49707602339181284  0.9089912280701754  0.06067251461988304  0.03070175438596491  
 0  0.639985380116959  0.1962719298245614  0.06432748538011696  0.03508771929824561  
 0  0.6458333333333334  0.3355263157894737  0.06140350877192982  0.03289473684210526  
 0  0.6509502923976608  0.4764254385964912  0.06140350877192982  0.03618421052631579  
 0  0.6560672514619883  0.6173245614035088  0.06140350877192982  0.03070175438596491  
 0  0.6615497076023392  0.7604166666666666  0.06359649122807018  0.03399122807017544  
 0  0.6677631578947368  0.9024122807017544  0.06432748538011696  0.03070175438596491  
