 0  0.3161549707602339  0.22313596491228072  0.049707602339181284  0.025219298245614034  
 0  0.3201754385964912  0.35910087719298245  0.0489766081871345  0.027412280701754384  
 0  0.32492690058479534  0.49890350877192985  0.049707602339181284  0.02412280701754386  
 0  0.3304093567251462  0.6381578947368421  0.0533625730994152  0.02631578947368421  
 0  0.47514619883040937  0.21107456140350878  0.05921052631578947  0.027412280701754384  
 0  0.47953216374269003  0.34923245614035087  0.06359649122807018  0.029605263157894735  
 0  0.48428362573099415  0.48903508771929827  0.06140350877192982  0.03289473684210526  
 0  0.6403508771929824  0.19682017543859648  0.06359649122807018  0.029605263157894735  
 0  0.6458333333333334  0.3355263157894737  0.06286549707602339  0.03289473684210526  
 0  0.6513157894736842  0.4758771929824561  0.06505847953216375  0.03289473684210526  
 0  0.6557017543859649  0.6189692982456141  0.062134502923976605  0.027412280701754384  
 0  0.48793859649122806  0.6282894736842105  0.059941520467836254  0.02850877192982456  
 0  0.3358918128654971  0.7790570175438597  0.049707602339181284  0.027412280701754384  
 0  0.4930555555555556  0.7691885964912281  0.06432748538011696  0.025219298245614034  
 0  0.6608187134502924  0.7609649122807017  0.06359649122807018  0.03070175438596491  
 0  0.3402777777777778  0.9221491228070176  0.05263157894736842  0.02850877192982456  
 0  0.49780701754385964  0.9100877192982456  0.06067251461988304  0.02631578947368421  
 0  0.6666666666666666  0.9046052631578947  0.062134502923976605  0.03289473684210526  
