 0  0.3165204678362573  0.22149122807017543  0.0489766081871345  0.02412280701754386  
 0  0.3198099415204678  0.3607456140350877  0.049707602339181284  0.02631578947368421  
 0  0.3252923976608187  0.49780701754385964  0.05043859649122807  0.02631578947368421  
 0  0.329312865497076  0.6398026315789473  0.049707602339181284  0.027412280701754384  
 0  0.33516081871345027  0.7790570175438597  0.05263157894736842  0.027412280701754384  
 0  0.3399122807017544  0.9199561403508771  0.051900584795321635  0.02850877192982456  
 0  0.47478070175438597  0.21107456140350878  0.05847953216374269  0.027412280701754384  
 0  0.47953216374269003  0.34923245614035087  0.05921052631578947  0.027412280701754384  
 0  0.48464912280701755  0.48793859649122806  0.05921052631578947  0.02631578947368421  
 0  0.48866959064327486  0.6277412280701754  0.059941520467836254  0.027412280701754384  
 0  0.4934210526315789  0.7691885964912281  0.05921052631578947  0.025219298245614034  
 0  0.49780701754385964  0.9089912280701754  0.05921052631578947  0.02631578947368421  
 0  0.639985380116959  0.19572368421052633  0.06140350877192982  0.029605263157894735  
 0  0.6447368421052632  0.33278508771929827  0.062134502923976605  0.03399122807017544  
 0  0.6491228070175439  0.4758771929824561  0.06359649122807018  0.03070175438596491  
 0  0.6553362573099415  0.6173245614035088  0.06286549707602339  0.03289473684210526  
 0  0.6619152046783626  0.7609649122807017  0.059941520467836254  0.02850877192982456  
 0  0.66703216374269  0.9024122807017544  0.06140350877192982  0.02631578947368421  
