 0  0.31542397660818716  0.22094298245614036  0.049707602339181284  0.023026315789473683  
 0  0.4755116959064328  0.21107456140350878  0.059941520467836254  0.023026315789473683  
 0  0.6388888888888888  0.19682017543859648  0.062134502923976605  0.03399122807017544  
 0  0.64546783625731  0.33278508771929827  0.062134502923976605  0.029605263157894735  
 0  0.4784356725146199  0.3481359649122807  0.059941520467836254  0.03179824561403509  
 0  0.3201754385964912  0.35910087719298245  0.05043859649122807  0.027412280701754384  
 0  0.32492690058479534  0.49780701754385964  0.05116959064327485  0.02850877192982456  
 0  0.48428362573099415  0.48903508771929827  0.06140350877192982  0.03070175438596491  
 0  0.6494883040935673  0.4769736842105263  0.06140350877192982  0.02631578947368421  
 0  0.6564327485380117  0.6189692982456141  0.062134502923976605  0.027412280701754384  
 0  0.48866959064327486  0.6288377192982456  0.05847953216374269  0.027412280701754384  
 0  0.3304093567251462  0.6387061403508771  0.0489766081871345  0.025219298245614034  
 0  0.3355263157894737  0.7790570175438597  0.04751461988304093  0.025219298245614034  
 0  0.4930555555555556  0.7697368421052632  0.059941520467836254  0.02850877192982456  
 0  0.6611842105263158  0.7609649122807017  0.059941520467836254  0.02412280701754386  
 0  0.6659356725146199  0.9035087719298246  0.062134502923976605  0.03070175438596491  
 0  0.49707602339181284  0.9095394736842105  0.06067251461988304  0.027412280701754384  
 0  0.3391812865497076  0.9221491228070176  0.0533625730994152  0.02850877192982456  
