 0  0.39035087719298245  0.21984649122807018  0.05921052631578947  0.029605263157894735  
 0  0.5456871345029239  0.21984649122807018  0.059941520467836254  0.029605263157894735  
 0  0.38998538011695905  0.3569078947368421  0.059941520467836254  0.025219298245614034  
 0  0.5489766081871345  0.35964912280701755  0.05921052631578947  0.02850877192982456  
 0  0.5529970760233918  0.4994517543859649  0.059941520467836254  0.029605263157894735  
 0  0.39108187134502925  0.49725877192982454  0.05921052631578947  0.027412280701754384  
 0  0.391812865497076  0.6359649122807017  0.0577485380116959  0.02850877192982456  
 0  0.5562865497076024  0.6408991228070176  0.05921052631578947  0.025219298245614034  
 0  0.3929093567251462  0.774671052631579  0.05847953216374269  0.029605263157894735  
 0  0.5603070175438597  0.7823464912280702  0.059941520467836254  0.029605263157894735  
 0  0.3929093567251462  0.9161184210526315  0.059941520467836254  0.029605263157894735  
 0  0.5635964912280702  0.924890350877193  0.06067251461988304  0.027412280701754384  
