 0  0.38998538011695905  0.21929824561403508  0.05847953216374269  0.02631578947368421  
 0  0.5453216374269005  0.22094298245614036  0.062134502923976605  0.027412280701754384  
 0  0.39108187134502925  0.3580043859649123  0.05921052631578947  0.03179824561403509  
 0  0.5486111111111112  0.35964912280701755  0.05847953216374269  0.02412280701754386  
 0  0.5522660818713451  0.5  0.06140350877192982  0.03070175438596491  
 0  0.5566520467836257  0.6403508771929824  0.05847953216374269  0.02631578947368421  
 0  0.39144736842105265  0.6348684210526315  0.059941520467836254  0.03070175438596491  
 0  0.39108187134502925  0.4956140350877193  0.06067251461988304  0.02850877192982456  
 0  0.3921783625730994  0.7752192982456141  0.05847953216374269  0.03070175438596491  
 0  0.5599415204678363  0.7834429824561403  0.06067251461988304  0.027412280701754384  
 0  0.5639619883040936  0.9243421052631579  0.059941520467836254  0.03070175438596491  
 0  0.39400584795321636  0.9161184210526315  0.05921052631578947  0.027412280701754384  
