 0  0.3026315789473684  0.21875  0.05043859649122807  0.027412280701754384  
 0  0.45796783625730997  0.21820175438596492  0.06140350877192982  0.02412280701754386  
 0  0.6176900584795322  0.21162280701754385  0.06067251461988304  0.03289473684210526  
 0  0.30080409356725146  0.3574561403508772  0.04678362573099415  0.021929824561403508  
 0  0.4594298245614035  0.3569078947368421  0.05847953216374269  0.025219298245614034  
 0  0.6187865497076024  0.3530701754385965  0.06140350877192982  0.03070175438596491  
 0  0.3029970760233918  0.4956140350877193  0.04824561403508772  0.02850877192982456  
 0  0.4605263157894737  0.49835526315789475  0.05921052631578947  0.027412280701754384  
 0  0.6206140350877193  0.4917763157894737  0.06067251461988304  0.025219298245614034  
 0  0.30116959064327486  0.6365131578947368  0.0489766081871345  0.025219298245614034  
 0  0.4616228070175439  0.6365131578947368  0.059941520467836254  0.027412280701754384  
 0  0.6224415204678363  0.6343201754385965  0.059941520467836254  0.027412280701754384  
 0  0.302266081871345  0.7763157894736842  0.049707602339181284  0.02412280701754386  
 0  0.4641812865497076  0.7763157894736842  0.06067251461988304  0.02850877192982456  
 0  0.6242690058479532  0.7774122807017544  0.06067251461988304  0.02850877192982456  
 0  0.6271929824561403  0.9194078947368421  0.05921052631578947  0.027412280701754384  
 0  0.4656432748538012  0.9177631578947368  0.05921052631578947  0.03070175438596491  
 0  0.30043859649122806  0.918859649122807  0.05043859649122807  0.02631578947368421  
