 0  0.3029970760233918  0.21929824561403508  0.04824561403508772  0.02631578947368421  
 0  0.45723684210526316  0.21710526315789475  0.06140350877192982  0.02850877192982456  
 0  0.6169590643274854  0.21217105263157895  0.0577485380116959  0.027412280701754384  
 0  0.3019005847953216  0.3569078947368421  0.05043859649122807  0.025219298245614034  
 0  0.4594298245614035  0.3569078947368421  0.06140350877192982  0.027412280701754384  
 0  0.618421052631579  0.3514254385964912  0.05921052631578947  0.027412280701754384  
 0  0.6213450292397661  0.4928728070175439  0.06067251461988304  0.029605263157894735  
 0  0.4608918128654971  0.4967105263157895  0.06140350877192982  0.02850877192982456  
 0  0.3033625730994152  0.4961622807017544  0.04751461988304093  0.025219298245614034  
 0  0.30153508771929827  0.6365131578947368  0.05116959064327485  0.025219298245614034  
 0  0.46235380116959063  0.6359649122807017  0.06140350877192982  0.03070175438596491  
 0  0.6228070175438597  0.6343201754385965  0.062134502923976605  0.027412280701754384  
 0  0.6253654970760234  0.7768640350877193  0.06140350877192982  0.03179824561403509  
 0  0.46345029239766083  0.7768640350877193  0.062134502923976605  0.029605263157894735  
 0  0.3019005847953216  0.7768640350877193  0.0489766081871345  0.025219298245614034  
 0  0.30153508771929827  0.9183114035087719  0.05116959064327485  0.025219298245614034  
 0  0.4652777777777778  0.9172149122807017  0.059941520467836254  0.027412280701754384  
 0  0.6282894736842105  0.9194078947368421  0.06140350877192982  0.027412280701754384  
