 0  0.3026315789473684  0.21765350877192982  0.05043859649122807  0.025219298245614034  
 0  0.302266081871345  0.35635964912280704  0.049707602339181284  0.02412280701754386  
 0  0.3029970760233918  0.4956140350877193  0.05116959064327485  0.021929824561403508  
 0  0.30372807017543857  0.6343201754385965  0.049707602339181284  0.027412280701754384  
 0  0.30409356725146197  0.7752192982456141  0.0533625730994152  0.02412280701754386  
 0  0.3055555555555556  0.9166666666666666  0.0489766081871345  0.03070175438596491  
 0  0.4583333333333333  0.21436403508771928  0.05921052631578947  0.029605263157894735  
 0  0.4605263157894737  0.3541666666666667  0.05921052631578947  0.02631578947368421  
 0  0.4616228070175439  0.4928728070175439  0.06140350877192982  0.027412280701754384  
 0  0.46381578947368424  0.6321271929824561  0.059941520467836254  0.029605263157894735  
 0  0.4678362573099415  0.7735745614035088  0.05921052631578947  0.025219298245614034  
 0  0.4696637426900585  0.9139254385964912  0.059941520467836254  0.027412280701754384  
 0  0.6176900584795322  0.20668859649122806  0.06067251461988304  0.027412280701754384  
 0  0.6195175438596491  0.34594298245614036  0.06140350877192982  0.03179824561403509  
 0  0.6224415204678363  0.4862938596491228  0.06140350877192982  0.029605263157894735  
 0  0.6260964912280702  0.6288377192982456  0.06286549707602339  0.027412280701754384  
 0  0.6279239766081871  0.7713815789473685  0.06067251461988304  0.025219298245614034  
 0  0.6319444444444444  0.9144736842105263  0.06140350877192982  0.03070175438596491  
