 0  0.3029970760233918  0.21710526315789475  0.05116959064327485  0.02850877192982456  
 0  0.30372807017543857  0.35635964912280704  0.05116959064327485  0.021929824561403508  
 0  0.3033625730994152  0.4956140350877193  0.05043859649122807  0.02850877192982456  
 0  0.3044590643274854  0.6359649122807017  0.05116959064327485  0.02631578947368421  
 0  0.3048245614035088  0.774671052631579  0.05043859649122807  0.027412280701754384  
 0  0.3055555555555556  0.9172149122807017  0.05043859649122807  0.025219298245614034  
 0  0.4586988304093567  0.2149122807017544  0.05847953216374269  0.02631578947368421  
 0  0.4605263157894737  0.3530701754385965  0.06067251461988304  0.02631578947368421  
 0  0.46308479532163743  0.49396929824561403  0.059941520467836254  0.027412280701754384  
 0  0.4656432748538012  0.6321271929824561  0.05921052631578947  0.029605263157894735  
 0  0.4678362573099415  0.7730263157894737  0.06067251461988304  0.03070175438596491  
 0  0.4696637426900585  0.9139254385964912  0.06140350877192982  0.029605263157894735  
 0  0.6169590643274854  0.20614035087719298  0.06067251461988304  0.02631578947368421  
 0  0.6206140350877193  0.34539473684210525  0.062134502923976605  0.03289473684210526  
 0  0.623172514619883  0.4862938596491228  0.059941520467836254  0.029605263157894735  
 0  0.6257309941520468  0.6293859649122807  0.062134502923976605  0.03070175438596491  
 0  0.6282894736842105  0.7713815789473685  0.06286549707602339  0.03179824561403509  
 0  0.631578947368421  0.912828947368421  0.06505847953216375  0.029605263157894735  
