 0  0.30372807017543857  0.21710526315789475  0.049707602339181284  0.02412280701754386  
 0  0.3029970760233918  0.3569078947368421  0.04824561403508772  0.023026315789473683  
 0  0.30409356725146197  0.4956140350877193  0.04751461988304093  0.02850877192982456  
 0  0.3044590643274854  0.6359649122807017  0.049707602339181284  0.02631578947368421  
 0  0.3048245614035088  0.7757675438596491  0.05043859649122807  0.027412280701754384  
 0  0.3055555555555556  0.9172149122807017  0.05043859649122807  0.027412280701754384  
 0  0.45723684210526316  0.21600877192982457  0.059941520467836254  0.02631578947368421  
 0  0.4608918128654971  0.3536184210526316  0.05847953216374269  0.029605263157894735  
 0  0.4619883040935672  0.49451754385964913  0.05921052631578947  0.02850877192982456  
 0  0.464546783625731  0.6337719298245614  0.059941520467836254  0.02412280701754386  
 0  0.46710526315789475  0.7741228070175439  0.062134502923976605  0.02850877192982456  
 0  0.47002923976608185  0.9161184210526315  0.05921052631578947  0.027412280701754384  
 0  0.6169590643274854  0.20723684210526316  0.06067251461988304  0.02631578947368421  
 0  0.6198830409356725  0.34594298245614036  0.06067251461988304  0.029605263157894735  
 0  0.6220760233918129  0.4868421052631579  0.06067251461988304  0.03070175438596491  
 0  0.6264619883040936  0.6293859649122807  0.06067251461988304  0.03289473684210526  
 0  0.6286549707602339  0.7719298245614035  0.062134502923976605  0.02412280701754386  
 0  0.6319444444444444  0.9150219298245614  0.06286549707602339  0.027412280701754384  
