 0  0.302266081871345  0.21820175438596492  0.05116959064327485  0.02412280701754386  
 0  0.4586988304093567  0.21546052631578946  0.059941520467836254  0.025219298245614034  
 0  0.6173245614035088  0.20778508771929824  0.059941520467836254  0.027412280701754384  
 0  0.3029970760233918  0.35526315789473684  0.049707602339181284  0.02412280701754386  
 0  0.4605263157894737  0.3536184210526316  0.06067251461988304  0.025219298245614034  
 0  0.6198830409356725  0.34594298245614036  0.05921052631578947  0.025219298245614034  
 0  0.6228070175438597  0.48848684210526316  0.062134502923976605  0.027412280701754384  
 0  0.46235380116959063  0.49451754385964913  0.06140350877192982  0.02850877192982456  
 0  0.30409356725146197  0.4956140350877193  0.0489766081871345  0.021929824561403508  
 0  0.3048245614035088  0.6337719298245614  0.0489766081871345  0.02412280701754386  
 0  0.46381578947368424  0.6337719298245614  0.06140350877192982  0.02850877192982456  
 0  0.6246345029239766  0.6293859649122807  0.06286549707602339  0.02850877192982456  
 0  0.3059210526315789  0.774671052631579  0.049707602339181284  0.025219298245614034  
 0  0.46710526315789475  0.7735745614035088  0.05921052631578947  0.029605263157894735  
 0  0.6279239766081871  0.7719298245614035  0.05921052631578947  0.02631578947368421  
 0  0.6326754385964912  0.9144736842105263  0.06140350877192982  0.02631578947368421  
 0  0.4692982456140351  0.9155701754385965  0.06067251461988304  0.02850877192982456  
 0  0.3051900584795322  0.9183114035087719  0.049707602339181284  0.025219298245614034  
