 0  0.3029970760233918  0.21820175438596492  0.04824561403508772  0.021929824561403508  
 0  0.45760233918128657  0.21600877192982457  0.05921052631578947  0.02631578947368421  
 0  0.6173245614035088  0.20778508771929824  0.06140350877192982  0.025219298245614034  
 0  0.302266081871345  0.3574561403508772  0.049707602339181284  0.021929824561403508  
 0  0.46016081871345027  0.3536184210526316  0.05847953216374269  0.027412280701754384  
 0  0.6191520467836257  0.34484649122807015  0.06359649122807018  0.027412280701754384  
 0  0.3044590643274854  0.49506578947368424  0.049707602339181284  0.025219298245614034  
 0  0.46271929824561403  0.49451754385964913  0.062134502923976605  0.02631578947368421  
 0  0.6217105263157895  0.4868421052631579  0.06286549707602339  0.02412280701754386  
 0  0.6257309941520468  0.6299342105263158  0.06067251461988304  0.029605263157894735  
 0  0.4649122807017544  0.6343201754385965  0.062134502923976605  0.027412280701754384  
 0  0.3051900584795322  0.6348684210526315  0.049707602339181284  0.02631578947368421  
 0  0.6290204678362573  0.7719298245614035  0.06140350877192982  0.02850877192982456  
 0  0.4678362573099415  0.7741228070175439  0.06067251461988304  0.02631578947368421  
 0  0.3059210526315789  0.7757675438596491  0.049707602339181284  0.025219298245614034  
 0  0.3059210526315789  0.9177631578947368  0.049707602339181284  0.02412280701754386  
 0  0.4696637426900585  0.9155701754385965  0.05847953216374269  0.02631578947368421  
 0  0.6308479532163743  0.9133771929824561  0.06505847953216375  0.03070175438596491  
