 0  0.30372807017543857  0.21710526315789475  0.04824561403508772  0.02412280701754386  
 0  0.4586988304093567  0.21600877192982457  0.059941520467836254  0.02412280701754386  
 0  0.6176900584795322  0.20723684210526316  0.062134502923976605  0.02850877192982456  
 0  0.3026315789473684  0.3574561403508772  0.0489766081871345  0.02412280701754386  
 0  0.4597953216374269  0.3536184210526316  0.06067251461988304  0.029605263157894735  
 0  0.6198830409356725  0.3470394736842105  0.06067251461988304  0.029605263157894735  
 0  0.3033625730994152  0.4956140350877193  0.0489766081871345  0.02412280701754386  
 0  0.46345029239766083  0.4928728070175439  0.05921052631578947  0.027412280701754384  
 0  0.6235380116959064  0.48848684210526316  0.06067251461988304  0.029605263157894735  
 0  0.4649122807017544  0.6326754385964912  0.05921052631578947  0.02631578947368421  
 0  0.3048245614035088  0.6365131578947368  0.04751461988304093  0.025219298245614034  
 0  0.6257309941520468  0.6293859649122807  0.06067251461988304  0.02631578947368421  
 0  0.30628654970760233  0.7752192982456141  0.05043859649122807  0.02412280701754386  
 0  0.46673976608187134  0.774671052631579  0.06140350877192982  0.027412280701754384  
 0  0.6290204678362573  0.7713815789473685  0.06286549707602339  0.029605263157894735  
 0  0.3051900584795322  0.9177631578947368  0.054093567251461985  0.02850877192982456  
 0  0.4696637426900585  0.9144736842105263  0.05847953216374269  0.02412280701754386  
 0  0.6308479532163743  0.9139254385964912  0.06359649122807018  0.027412280701754384  
