 0  0.32456140350877194  0.1962719298245614  0.05043859649122807  0.02631578947368421  
 0  0.322733918128655  0.3355263157894737  0.04824561403508772  0.02412280701754386  
 0  0.3223684210526316  0.47478070175438597  0.05043859649122807  0.02412280701754386  
 0  0.32127192982456143  0.6140350877192983  0.049707602339181284  0.02631578947368421  
 0  0.3216374269005848  0.7543859649122807  0.0489766081871345  0.03070175438596491  
 0  0.3194444444444444  0.8952850877192983  0.05043859649122807  0.027412280701754384  
 0  0.48355263157894735  0.19736842105263158  0.06286549707602339  0.02850877192982456  
 0  0.48135964912280704  0.3360745614035088  0.059941520467836254  0.03179824561403509  
 0  0.47989766081871343  0.4758771929824561  0.06140350877192982  0.03070175438596491  
 0  0.47989766081871343  0.6167763157894737  0.06286549707602339  0.03179824561403509  
 0  0.4784356725146199  0.7571271929824561  0.059941520467836254  0.029605263157894735  
 0  0.4780701754385965  0.8963815789473685  0.06067251461988304  0.03179824561403509  
 0  0.6480263157894737  0.20230263157894737  0.06140350877192982  0.03179824561403509  
 0  0.6476608187134503  0.34100877192982454  0.06067251461988304  0.03070175438596491  
 0  0.6461988304093568  0.48464912280701755  0.062134502923976605  0.02850877192982456  
 0  0.6458333333333334  0.625  0.06286549707602339  0.03289473684210526  
 0  0.6458333333333334  0.7675438596491229  0.06286549707602339  0.03289473684210526  
 0  0.6432748538011696  0.9106359649122807  0.062134502923976605  0.029605263157894735  
