 0  0.32456140350877194  0.1962719298245614  0.0489766081871345  0.02412280701754386  
 0  0.32346491228070173  0.33497807017543857  0.049707602339181284  0.027412280701754384  
 0  0.322733918128655  0.4731359649122807  0.05116959064327485  0.027412280701754384  
 0  0.32127192982456143  0.6145833333333334  0.049707602339181284  0.025219298245614034  
 0  0.3205409356725146  0.7543859649122807  0.049707602339181284  0.02631578947368421  
 0  0.3194444444444444  0.8969298245614035  0.05043859649122807  0.02631578947368421  
 0  0.48391812865497075  0.19682017543859648  0.05921052631578947  0.027412280701754384  
 0  0.48099415204678364  0.3360745614035088  0.05921052631578947  0.027412280701754384  
 0  0.48026315789473684  0.4758771929824561  0.05921052631578947  0.02631578947368421  
 0  0.47953216374269003  0.6156798245614035  0.05921052631578947  0.03399122807017544  
 0  0.4777046783625731  0.7571271929824561  0.059941520467836254  0.027412280701754384  
 0  0.4766081871345029  0.8980263157894737  0.05921052631578947  0.02850877192982456  
 0  0.6465643274853801  0.20339912280701755  0.06140350877192982  0.027412280701754384  
 0  0.6472953216374269  0.34100877192982454  0.06286549707602339  0.02850877192982456  
 0  0.6461988304093568  0.48410087719298245  0.062134502923976605  0.027412280701754384  
 0  0.6458333333333334  0.6266447368421053  0.06286549707602339  0.027412280701754384  
 0  0.64546783625731  0.7691885964912281  0.062134502923976605  0.029605263157894735  
 0  0.6447368421052632  0.9106359649122807  0.06067251461988304  0.03179824561403509  
