 0  0.3252923976608187  0.19517543859649122  0.05043859649122807  0.02412280701754386  
 0  0.483187134502924  0.19791666666666666  0.0577485380116959  0.025219298245614034  
 0  0.6480263157894737  0.20285087719298245  0.059941520467836254  0.02631578947368421  
 0  0.322733918128655  0.33497807017543857  0.04824561403508772  0.023026315789473683  
 0  0.4817251461988304  0.3360745614035088  0.05921052631578947  0.025219298245614034  
 0  0.6476608187134503  0.34265350877192985  0.06067251461988304  0.027412280701754384  
 0  0.3216374269005848  0.47423245614035087  0.0489766081871345  0.023026315789473683  
 0  0.48026315789473684  0.4764254385964912  0.0577485380116959  0.029605263157894735  
 0  0.6465643274853801  0.48355263157894735  0.06140350877192982  0.02850877192982456  
 0  0.6461988304093568  0.6255482456140351  0.06067251461988304  0.029605263157894735  
 0  0.47953216374269003  0.6162280701754386  0.05921052631578947  0.02631578947368421  
 0  0.32090643274853803  0.6145833333333334  0.04751461988304093  0.023026315789473683  
 0  0.3198099415204678  0.7549342105263158  0.049707602339181284  0.025219298245614034  
 0  0.4777046783625731  0.756578947368421  0.06140350877192982  0.03070175438596491  
 0  0.6451023391812866  0.768640350877193  0.059941520467836254  0.03070175438596491  
 0  0.31834795321637427  0.8958333333333334  0.05116959064327485  0.02631578947368421  
 0  0.4766081871345029  0.8974780701754386  0.05921052631578947  0.027412280701754384  
 0  0.6443713450292398  0.9100877192982456  0.06286549707602339  0.02850877192982456  
