 0  0.32456140350877194  0.19572368421052633  0.0489766081871345  0.025219298245614034  
 0  0.483187134502924  0.19791666666666666  0.06067251461988304  0.027412280701754384  
 0  0.6476608187134503  0.20230263157894737  0.06067251461988304  0.03179824561403509  
 0  0.32346491228070173  0.3344298245614035  0.049707602339181284  0.02631578947368421  
 0  0.4820906432748538  0.3360745614035088  0.059941520467836254  0.027412280701754384  
 0  0.6469298245614035  0.34265350877192985  0.06067251461988304  0.029605263157894735  
 0  0.322733918128655  0.47368421052631576  0.049707602339181284  0.02412280701754386  
 0  0.48099415204678364  0.4769736842105263  0.062134502923976605  0.02850877192982456  
 0  0.6458333333333334  0.4824561403508772  0.06140350877192982  0.03070175438596491  
 0  0.3205409356725146  0.6140350877192983  0.05116959064327485  0.02631578947368421  
 0  0.4788011695906433  0.6162280701754386  0.06067251461988304  0.02850877192982456  
 0  0.64546783625731  0.625  0.06067251461988304  0.03070175438596491  
 0  0.32127192982456143  0.7543859649122807  0.05116959064327485  0.02631578947368421  
 0  0.4780701754385965  0.7582236842105263  0.062134502923976605  0.029605263157894735  
 0  0.6451023391812866  0.7691885964912281  0.06286549707602339  0.03179824561403509  
 0  0.31834795321637427  0.8974780701754386  0.05263157894736842  0.027412280701754384  
 0  0.4769736842105263  0.8980263157894737  0.06140350877192982  0.02850877192982456  
 0  0.6447368421052632  0.9111842105263158  0.06505847953216375  0.03508771929824561  
