 0  0.32492690058479534  0.1962719298245614  0.049707602339181284  0.02412280701754386  
 0  0.483187134502924  0.19791666666666666  0.06067251461988304  0.027412280701754384  
 0  0.6476608187134503  0.20065789473684212  0.06067251461988304  0.03070175438596491  
 0  0.3230994152046784  0.3360745614035088  0.0489766081871345  0.020833333333333332  
 0  0.48135964912280704  0.33497807017543857  0.059941520467836254  0.029605263157894735  
 0  0.6465643274853801  0.34100877192982454  0.06140350877192982  0.02850877192982456  
 0  0.6465643274853801  0.4830043859649123  0.06286549707602339  0.029605263157894735  
 0  0.48026315789473684  0.47752192982456143  0.06359649122807018  0.029605263157894735  
 0  0.3230994152046784  0.4731359649122807  0.0489766081871345  0.027412280701754384  
 0  0.3205409356725146  0.6145833333333334  0.05116959064327485  0.027412280701754384  
 0  0.4777046783625731  0.6151315789473685  0.06286549707602339  0.03070175438596491  
 0  0.64546783625731  0.6260964912280702  0.062134502923976605  0.02850877192982456  
 0  0.6451023391812866  0.768640350877193  0.06140350877192982  0.02850877192982456  
 0  0.4766081871345029  0.756578947368421  0.06067251461988304  0.02850877192982456  
 0  0.32090643274853803  0.7549342105263158  0.051900584795321635  0.027412280701754384  
 0  0.3190789473684211  0.8969298245614035  0.05116959064327485  0.02631578947368421  
 0  0.4769736842105263  0.8969298245614035  0.059941520467836254  0.02850877192982456  
 0  0.6447368421052632  0.9117324561403509  0.06067251461988304  0.029605263157894735  
