 0  0.32456140350877194  0.19572368421052633  0.046052631578947366  0.025219298245614034  
 0  0.48355263157894735  0.1962719298245614  0.06140350877192982  0.03070175438596491  
 0  0.6472953216374269  0.20285087719298245  0.059941520467836254  0.02850877192982456  
 0  0.3230994152046784  0.3344298245614035  0.0489766081871345  0.02412280701754386  
 0  0.4824561403508772  0.3355263157894737  0.06067251461988304  0.02631578947368421  
 0  0.6461988304093568  0.34155701754385964  0.062134502923976605  0.027412280701754384  
 0  0.3220029239766082  0.4725877192982456  0.05116959064327485  0.02631578947368421  
 0  0.48135964912280704  0.4753289473684211  0.06286549707602339  0.03179824561403509  
 0  0.64546783625731  0.48410087719298245  0.062134502923976605  0.03399122807017544  
 0  0.3201754385964912  0.6145833333333334  0.04751461988304093  0.027412280701754384  
 0  0.4791666666666667  0.6156798245614035  0.06140350877192982  0.03399122807017544  
 0  0.3205409356725146  0.7543859649122807  0.049707602339181284  0.02412280701754386  
 0  0.4780701754385965  0.7571271929824561  0.06359649122807018  0.03179824561403509  
 0  0.6461988304093568  0.6260964912280702  0.06067251461988304  0.03289473684210526  
 0  0.6447368421052632  0.7691885964912281  0.06359649122807018  0.029605263157894735  
 0  0.6451023391812866  0.9106359649122807  0.06286549707602339  0.027412280701754384  
 0  0.4766081871345029  0.8980263157894737  0.06359649122807018  0.03070175438596491  
 0  0.31871345029239767  0.8963815789473685  0.051900584795321635  0.027412280701754384  
