 0  0.3260233918128655  0.19078947368421054  0.0577485380116959  0.02412280701754386  
 0  0.49159356725146197  0.1825657894736842  0.05116959064327485  0.023026315789473683  
 0  0.4926900584795322  0.3223684210526316  0.05043859649122807  0.02412280701754386  
 0  0.32419590643274854  0.3256578947368421  0.059941520467836254  0.03070175438596491  
 0  0.32456140350877194  0.4643640350877193  0.05921052631578947  0.027412280701754384  
 0  0.4930555555555556  0.46271929824561403  0.049707602339181284  0.02631578947368421  
 0  0.3230994152046784  0.6030701754385965  0.06067251461988304  0.02850877192982456  
 0  0.4934210526315789  0.6047149122807017  0.05043859649122807  0.025219298245614034  
 0  0.4959795321637427  0.7483552631578947  0.05263157894736842  0.029605263157894735  
 0  0.3220029239766082  0.7423245614035088  0.06140350877192982  0.02850877192982456  
 0  0.32127192982456143  0.8821271929824561  0.059941520467836254  0.027412280701754384  
 0  0.4963450292397661  0.8914473684210527  0.0533625730994152  0.02631578947368421  
