 0  0.3263888888888889  0.19078947368421054  0.05701754385964912  0.02631578947368421  
 0  0.4908625730994152  0.18311403508771928  0.054093567251461985  0.02412280701754386  
 0  0.32456140350877194  0.32510964912280704  0.05921052631578947  0.027412280701754384  
 0  0.4919590643274854  0.32401315789473684  0.05043859649122807  0.025219298245614034  
 0  0.32383040935672514  0.46381578947368424  0.05921052631578947  0.02850877192982456  
 0  0.4919590643274854  0.46326754385964913  0.0533625730994152  0.025219298245614034  
 0  0.32419590643274854  0.6030701754385965  0.05847953216374269  0.02631578947368421  
 0  0.4926900584795322  0.6041666666666666  0.0533625730994152  0.02412280701754386  
 0  0.322733918128655  0.7423245614035088  0.059941520467836254  0.03070175438596491  
 0  0.49378654970760233  0.7483552631578947  0.05263157894736842  0.027412280701754384  
 0  0.322733918128655  0.8810307017543859  0.059941520467836254  0.03179824561403509  
 0  0.49451754385964913  0.8903508771929824  0.05116959064327485  0.02412280701754386  
