 0  0.3252923976608187  0.19024122807017543  0.05921052631578947  0.029605263157894735  
 0  0.49159356725146197  0.1825657894736842  0.05263157894736842  0.023026315789473683  
 0  0.32383040935672514  0.32510964912280704  0.05921052631578947  0.029605263157894735  
 0  0.4908625730994152  0.3229166666666667  0.05555555555555555  0.027412280701754384  
 0  0.32419590643274854  0.4643640350877193  0.05847953216374269  0.027412280701754384  
 0  0.4923245614035088  0.4616228070175439  0.054093567251461985  0.02850877192982456  
 0  0.32346491228070173  0.6025219298245614  0.05847953216374269  0.027412280701754384  
 0  0.4930555555555556  0.6041666666666666  0.054093567251461985  0.02412280701754386  
 0  0.322733918128655  0.7417763157894737  0.05847953216374269  0.027412280701754384  
 0  0.49378654970760233  0.7456140350877193  0.05263157894736842  0.02412280701754386  
 0  0.4956140350877193  0.8903508771929824  0.05043859649122807  0.02412280701754386  
 0  0.3223684210526316  0.881578947368421  0.06067251461988304  0.03070175438596491  
