 0  0.3263888888888889  0.18914473684210525  0.05701754385964912  0.027412280701754384  
 0  0.49159356725146197  0.18201754385964913  0.049707602339181284  0.02412280701754386  
 0  0.4919590643274854  0.32127192982456143  0.05043859649122807  0.02631578947368421  
 0  0.32419590643274854  0.3256578947368421  0.059941520467836254  0.02631578947368421  
 0  0.32456140350877194  0.46381578947368424  0.05921052631578947  0.02850877192982456  
 0  0.4923245614035088  0.4610745614035088  0.05116959064327485  0.023026315789473683  
 0  0.3230994152046784  0.6025219298245614  0.0577485380116959  0.025219298245614034  
 0  0.4934210526315789  0.6036184210526315  0.051900584795321635  0.027412280701754384  
 0  0.322733918128655  0.7417763157894737  0.05847953216374269  0.029605263157894735  
 0  0.49488304093567254  0.7478070175438597  0.051900584795321635  0.02412280701754386  
 0  0.322733918128655  0.8826754385964912  0.059941520467836254  0.03070175438596491  
 0  0.4952485380116959  0.8903508771929824  0.05263157894736842  0.02631578947368421  
