 0  0.2682748538011696  0.23793859649122806  0.05921052631578947  0.02850877192982456  
 0  0.2675438596491228  0.37280701754385964  0.05921052631578947  0.02850877192982456  
 0  0.26864035087719296  0.5109649122807017  0.05847953216374269  0.03070175438596491  
 0  0.26864035087719296  0.6491228070175439  0.05847953216374269  0.02850877192982456  
 0  0.26864035087719296  0.787828947368421  0.059941520467836254  0.025219298245614034  
 0  0.26864035087719296  0.9276315789473685  0.05847953216374269  0.02850877192982456  
 0  0.4338450292397661  0.22094298245614036  0.049707602339181284  0.025219298245614034  
 0  0.4334795321637427  0.35964912280701755  0.051900584795321635  0.02631578947368421  
 0  0.4331140350877193  0.5010964912280702  0.05116959064327485  0.02631578947368421  
 0  0.4327485380116959  0.6408991228070176  0.051900584795321635  0.027412280701754384  
 0  0.4327485380116959  0.7845394736842105  0.05043859649122807  0.025219298245614034  
 0  0.4331140350877193  0.9281798245614035  0.05263157894736842  0.027412280701754384  
 0  0.6027046783625731  0.22971491228070176  0.059941520467836254  0.025219298245614034  
 0  0.6027046783625731  0.36896929824561403  0.06140350877192982  0.027412280701754384  
 0  0.6034356725146199  0.5087719298245614  0.06140350877192982  0.03070175438596491  
 0  0.6034356725146199  0.6507675438596491  0.06140350877192982  0.03399122807017544  
 0  0.6041666666666666  0.7927631578947368  0.059941520467836254  0.03070175438596491  
 0  0.6048976608187134  0.9336622807017544  0.06432748538011696  0.03399122807017544  
