 0  0.26900584795321636  0.23793859649122806  0.0577485380116959  0.02412280701754386  
 0  0.4334795321637427  0.22094298245614036  0.05043859649122807  0.029605263157894735  
 0  0.6019736842105263  0.22807017543859648  0.06286549707602339  0.03289473684210526  
 0  0.2675438596491228  0.37390350877192985  0.05921052631578947  0.02631578947368421  
 0  0.4331140350877193  0.35964912280701755  0.05555555555555555  0.02850877192982456  
 0  0.26900584795321636  0.5104166666666666  0.05921052631578947  0.027412280701754384  
 0  0.4334795321637427  0.5010964912280702  0.0533625730994152  0.02631578947368421  
 0  0.6030701754385965  0.3678728070175439  0.06359649122807018  0.027412280701754384  
 0  0.6016081871345029  0.5104166666666666  0.06652046783625731  0.027412280701754384  
 0  0.6038011695906432  0.649671052631579  0.06067251461988304  0.029605263157894735  
 0  0.4327485380116959  0.6430921052631579  0.051900584795321635  0.025219298245614034  
 0  0.27010233918128657  0.6502192982456141  0.05847953216374269  0.02850877192982456  
 0  0.26900584795321636  0.7889254385964912  0.05921052631578947  0.029605263157894735  
 0  0.4338450292397661  0.7850877192982456  0.05116959064327485  0.02850877192982456  
 0  0.6038011695906432  0.7922149122807017  0.06359649122807018  0.03179824561403509  
 0  0.26937134502923976  0.9281798245614035  0.05847953216374269  0.029605263157894735  
 0  0.43201754385964913  0.9270833333333334  0.051900584795321635  0.025219298245614034  
 0  0.6041666666666666  0.9336622807017544  0.06286549707602339  0.029605263157894735  
