 0  0.26864035087719296  0.23793859649122806  0.05847953216374269  0.02631578947368421  
 0  0.4334795321637427  0.22149122807017543  0.0533625730994152  0.02850877192982456  
 0  0.2679093567251462  0.37390350877192985  0.059941520467836254  0.02850877192982456  
 0  0.4338450292397661  0.3607456140350877  0.05116959064327485  0.03070175438596491  
 0  0.4331140350877193  0.5005482456140351  0.04824561403508772  0.027412280701754384  
 0  0.26900584795321636  0.5115131578947368  0.06067251461988304  0.029605263157894735  
 0  0.26864035087719296  0.649671052631579  0.06140350877192982  0.03179824561403509  
 0  0.43238304093567254  0.6425438596491229  0.05263157894736842  0.02850877192982456  
 0  0.26900584795321636  0.7889254385964912  0.05921052631578947  0.029605263157894735  
 0  0.4327485380116959  0.7850877192982456  0.05043859649122807  0.02850877192982456  
 0  0.26937134502923976  0.9281798245614035  0.05847953216374269  0.027412280701754384  
 0  0.43238304093567254  0.9281798245614035  0.049707602339181284  0.027412280701754384  
 0  0.6048976608187134  0.9347587719298246  0.06286549707602339  0.029605263157894735  
 0  0.6034356725146199  0.7927631578947368  0.06286549707602339  0.02850877192982456  
 0  0.6023391812865497  0.6507675438596491  0.062134502923976605  0.029605263157894735  
 0  0.6019736842105263  0.5093201754385965  0.06140350877192982  0.029605263157894735  
 0  0.6027046783625731  0.3673245614035088  0.059941520467836254  0.02631578947368421  
 0  0.6016081871345029  0.22916666666666666  0.062134502923976605  0.02850877192982456  
