 0  0.2675438596491228  0.2099780701754386  0.056286549707602336  0.029605263157894735  
 0  0.26644736842105265  0.34594298245614036  0.059941520467836254  0.025219298245614034  
 0  0.2675438596491228  0.4830043859649123  0.05921052631578947  0.027412280701754384  
 0  0.266812865497076  0.6217105263157895  0.0577485380116959  0.02631578947368421  
 0  0.2679093567251462  0.7593201754385965  0.05847953216374269  0.027412280701754384  
 0  0.2682748538011696  0.8991228070175439  0.05921052631578947  0.03070175438596491  
 0  0.43165204678362573  0.18640350877192982  0.05263157894736842  0.02631578947368421  
 0  0.43128654970760233  0.3262061403508772  0.051900584795321635  0.023026315789473683  
 0  0.4327485380116959  0.46600877192982454  0.051900584795321635  0.02850877192982456  
 0  0.43238304093567254  0.6069078947368421  0.05116959064327485  0.025219298245614034  
 0  0.4331140350877193  0.7478070175438597  0.05263157894736842  0.02412280701754386  
 0  0.4338450292397661  0.8914473684210527  0.05116959064327485  0.02631578947368421  
 0  0.5968567251461988  0.19572368421052633  0.059941520467836254  0.023026315789473683  
 0  0.597953216374269  0.3338815789473684  0.062134502923976605  0.025219298245614034  
 0  0.5994152046783626  0.4758771929824561  0.062134502923976605  0.02850877192982456  
 0  0.6005116959064327  0.6167763157894737  0.05847953216374269  0.025219298245614034  
 0  0.6008771929824561  0.7582236842105263  0.062134502923976605  0.027412280701754384  
 0  0.6034356725146199  0.9002192982456141  0.06140350877192982  0.03070175438596491  
