 0  0.26644736842105265  0.21107456140350878  0.05701754385964912  0.025219298245614034  
 0  0.43165204678362573  0.18695175438596492  0.049707602339181284  0.025219298245614034  
 0  0.26644736842105265  0.34594298245614036  0.059941520467836254  0.027412280701754384  
 0  0.43201754385964913  0.3256578947368421  0.051900584795321635  0.02850877192982456  
 0  0.5975877192982456  0.19572368421052633  0.06140350877192982  0.027412280701754384  
 0  0.597953216374269  0.33497807017543857  0.062134502923976605  0.027412280701754384  
 0  0.2671783625730994  0.4824561403508772  0.059941520467836254  0.02850877192982456  
 0  0.43201754385964913  0.46326754385964913  0.05482456140350877  0.03179824561403509  
 0  0.5986842105263158  0.4758771929824561  0.06067251461988304  0.03070175438596491  
 0  0.6008771929824561  0.6167763157894737  0.06067251461988304  0.029605263157894735  
 0  0.43238304093567254  0.6058114035087719  0.05116959064327485  0.025219298245614034  
 0  0.2671783625730994  0.6228070175438597  0.05847953216374269  0.02850877192982456  
 0  0.2671783625730994  0.7609649122807017  0.059941520467836254  0.02850877192982456  
 0  0.4327485380116959  0.7483552631578947  0.051900584795321635  0.029605263157894735  
 0  0.6019736842105263  0.7582236842105263  0.06140350877192982  0.027412280701754384  
 0  0.2679093567251462  0.9002192982456141  0.059941520467836254  0.03070175438596491  
 0  0.4338450292397661  0.8903508771929824  0.05555555555555555  0.03289473684210526  
 0  0.6034356725146199  0.9013157894736842  0.06432748538011696  0.03070175438596491  
