 0  0.26644736842105265  0.21162280701754385  0.06140350877192982  0.02631578947368421  
 0  0.26608187134502925  0.34594298245614036  0.06359649122807018  0.03179824561403509  
 0  0.2671783625730994  0.4830043859649123  0.05847953216374269  0.029605263157894735  
 0  0.2671783625730994  0.6228070175438597  0.05847953216374269  0.02850877192982456  
 0  0.2675438596491228  0.7604166666666666  0.05921052631578947  0.025219298245614034  
 0  0.2679093567251462  0.9002192982456141  0.05847953216374269  0.02850877192982456  
 0  0.43238304093567254  0.18585526315789475  0.04824561403508772  0.029605263157894735  
 0  0.4309210526315789  0.3256578947368421  0.05263157894736842  0.02850877192982456  
 0  0.43165204678362573  0.4649122807017544  0.05116959064327485  0.02850877192982456  
 0  0.4327485380116959  0.606359649122807  0.05043859649122807  0.021929824561403508  
 0  0.4331140350877193  0.7483552631578947  0.05263157894736842  0.027412280701754384  
 0  0.4327485380116959  0.8908991228070176  0.051900584795321635  0.029605263157894735  
 0  0.5964912280701754  0.1962719298245614  0.06067251461988304  0.02850877192982456  
 0  0.5972222222222222  0.33497807017543857  0.06067251461988304  0.027412280701754384  
 0  0.5990497076023392  0.4764254385964912  0.06140350877192982  0.027412280701754384  
 0  0.6005116959064327  0.6167763157894737  0.059941520467836254  0.029605263157894735  
 0  0.6012426900584795  0.7582236842105263  0.06140350877192982  0.029605263157894735  
 0  0.6027046783625731  0.9002192982456141  0.06140350877192982  0.02850877192982456  
