 0  0.266812865497076  0.21052631578947367  0.0577485380116959  0.02631578947368421  
 0  0.4327485380116959  0.18585526315789475  0.051900584795321635  0.023026315789473683  
 0  0.5968567251461988  0.19462719298245615  0.06140350877192982  0.025219298245614034  
 0  0.597953216374269  0.33497807017543857  0.06067251461988304  0.025219298245614034  
 0  0.43165204678362573  0.3256578947368421  0.05263157894736842  0.02850877192982456  
 0  0.26644736842105265  0.34539473684210525  0.059941520467836254  0.02850877192982456  
 0  0.266812865497076  0.48410087719298245  0.05921052631578947  0.025219298245614034  
 0  0.43165204678362573  0.4643640350877193  0.049707602339181284  0.025219298245614034  
 0  0.5997807017543859  0.4758771929824561  0.059941520467836254  0.02631578947368421  
 0  0.2671783625730994  0.6222587719298246  0.05847953216374269  0.029605263157894735  
 0  0.4327485380116959  0.606359649122807  0.051900584795321635  0.02631578947368421  
 0  0.6001461988304093  0.6162280701754386  0.06067251461988304  0.02631578947368421  
 0  0.26644736842105265  0.7609649122807017  0.05847953216374269  0.02631578947368421  
 0  0.43238304093567254  0.7483552631578947  0.054093567251461985  0.027412280701754384  
 0  0.6019736842105263  0.7587719298245614  0.06140350877192982  0.03070175438596491  
 0  0.2682748538011696  0.899671052631579  0.05921052631578947  0.027412280701754384  
 0  0.4331140350877193  0.8908991228070176  0.054093567251461985  0.029605263157894735  
 0  0.6030701754385965  0.9007675438596491  0.062134502923976605  0.03179824561403509  
