 0  0.2671783625730994  0.21107456140350878  0.05847953216374269  0.025219298245614034  
 0  0.43201754385964913  0.18640350877192982  0.05043859649122807  0.02412280701754386  
 0  0.5968567251461988  0.1962719298245614  0.06286549707602339  0.03289473684210526  
 0  0.5975877192982456  0.3338815789473684  0.06432748538011696  0.03179824561403509  
 0  0.43165204678362573  0.32510964912280704  0.05116959064327485  0.027412280701754384  
 0  0.26608187134502925  0.34539473684210525  0.06067251461988304  0.02850877192982456  
 0  0.2671783625730994  0.48355263157894735  0.05847953216374269  0.02850877192982456  
 0  0.43128654970760233  0.4649122807017544  0.0533625730994152  0.03289473684210526  
 0  0.5994152046783626  0.47478070175438597  0.06067251461988304  0.02412280701754386  
 0  0.5997807017543859  0.6156798245614035  0.06140350877192982  0.029605263157894735  
 0  0.4327485380116959  0.6069078947368421  0.0489766081871345  0.025219298245614034  
 0  0.2675438596491228  0.6222587719298246  0.06067251461988304  0.029605263157894735  
 0  0.2679093567251462  0.7598684210526315  0.05847953216374269  0.02631578947368421  
 0  0.43165204678362573  0.7472587719298246  0.054093567251461985  0.029605263157894735  
 0  0.6016081871345029  0.7576754385964912  0.062134502923976605  0.03508771929824561  
 0  0.266812865497076  0.9002192982456141  0.0577485380116959  0.03070175438596491  
 0  0.4331140350877193  0.8925438596491229  0.05263157894736842  0.02631578947368421  
 0  0.6027046783625731  0.899671052631579  0.06432748538011696  0.03179824561403509  
