 0  0.26644736842105265  0.21107456140350878  0.05847953216374269  0.025219298245614034  
 0  0.4331140350877193  0.18585526315789475  0.049707602339181284  0.025219298245614034  
 0  0.26608187134502925  0.34484649122807015  0.06067251461988304  0.025219298245614034  
 0  0.43165204678362573  0.32456140350877194  0.05116959064327485  0.02412280701754386  
 0  0.5975877192982456  0.19517543859649122  0.059941520467836254  0.02850877192982456  
 0  0.597953216374269  0.3344298245614035  0.062134502923976605  0.03070175438596491  
 0  0.5986842105263158  0.4764254385964912  0.0577485380116959  0.027412280701754384  
 0  0.4309210526315789  0.46600877192982454  0.05263157894736842  0.02631578947368421  
 0  0.2675438596491228  0.48355263157894735  0.0577485380116959  0.02631578947368421  
 0  0.266812865497076  0.6211622807017544  0.05921052631578947  0.025219298245614034  
 0  0.4327485380116959  0.6058114035087719  0.0533625730994152  0.027412280701754384  
 0  0.6001461988304093  0.6167763157894737  0.062134502923976605  0.025219298245614034  
 0  0.266812865497076  0.7598684210526315  0.05921052631578947  0.02850877192982456  
 0  0.4334795321637427  0.7494517543859649  0.05043859649122807  0.027412280701754384  
 0  0.6005116959064327  0.7593201754385965  0.06286549707602339  0.029605263157894735  
 0  0.2671783625730994  0.9002192982456141  0.059941520467836254  0.02850877192982456  
 0  0.4338450292397661  0.8914473684210527  0.054093567251461985  0.02631578947368421  
 0  0.6027046783625731  0.9013157894736842  0.05847953216374269  0.02850877192982456  
