 0  0.2715643274853801  0.22697368421052633  0.059941520467836254  0.02631578947368421  
 0  0.27010233918128657  0.3618421052631579  0.059941520467836254  0.03289473684210526  
 0  0.26900584795321636  0.49835526315789475  0.0577485380116959  0.03179824561403509  
 0  0.2679093567251462  0.6370614035087719  0.05847953216374269  0.03289473684210526  
 0  0.26644736842105265  0.7774122807017544  0.05847953216374269  0.02850877192982456  
 0  0.266812865497076  0.9166666666666666  0.05921052631578947  0.02850877192982456  
 0  0.43494152046783624  0.9292763157894737  0.051900584795321635  0.027412280701754384  
 0  0.43603801169590645  0.7845394736842105  0.05263157894736842  0.027412280701754384  
 0  0.43640350877192985  0.643640350877193  0.051900584795321635  0.02631578947368421  
 0  0.4371345029239766  0.5016447368421053  0.051900584795321635  0.027412280701754384  
 0  0.43859649122807015  0.3612938596491228  0.051900584795321635  0.025219298245614034  
 0  0.43896198830409355  0.22203947368421054  0.05116959064327485  0.025219298245614034  
 0  0.6023391812865497  0.23081140350877194  0.06359649122807018  0.03179824561403509  
 0  0.6034356725146199  0.36951754385964913  0.059941520467836254  0.02412280701754386  
 0  0.6030701754385965  0.5109649122807017  0.06067251461988304  0.02850877192982456  
 0  0.6038011695906432  0.6518640350877193  0.062134502923976605  0.025219298245614034  
 0  0.6052631578947368  0.793859649122807  0.06067251461988304  0.03070175438596491  
 0  0.6067251461988304  0.9358552631578947  0.062134502923976605  0.03179824561403509  
