 0  0.2715643274853801  0.22587719298245615  0.05701754385964912  0.02631578947368421  
 0  0.27046783625730997  0.3618421052631579  0.0577485380116959  0.03070175438596491  
 0  0.27046783625730997  0.4994517543859649  0.05921052631578947  0.027412280701754384  
 0  0.26864035087719296  0.6370614035087719  0.05847953216374269  0.02850877192982456  
 0  0.2675438596491228  0.7763157894736842  0.06067251461988304  0.03070175438596491  
 0  0.43896198830409355  0.22313596491228072  0.054093567251461985  0.025219298245614034  
 0  0.6038011695906432  0.23081140350877194  0.06067251461988304  0.029605263157894735  
 0  0.4382309941520468  0.36239035087719296  0.05263157894736842  0.025219298245614034  
 0  0.4367690058479532  0.5021929824561403  0.049707602339181284  0.02412280701754386  
 0  0.6034356725146199  0.5115131578947368  0.059941520467836254  0.025219298245614034  
 0  0.6038011695906432  0.36951754385964913  0.06067251461988304  0.02850877192982456  
 0  0.4371345029239766  0.643640350877193  0.051900584795321635  0.02850877192982456  
 0  0.60453216374269  0.6518640350877193  0.06067251461988304  0.027412280701754384  
 0  0.43603801169590645  0.7861842105263158  0.05263157894736842  0.02412280701754386  
 0  0.6056286549707602  0.7944078947368421  0.06140350877192982  0.029605263157894735  
 0  0.6067251461988304  0.9364035087719298  0.06067251461988304  0.03070175438596491  
 0  0.4342105263157895  0.9287280701754386  0.0533625730994152  0.02631578947368421  
 0  0.26644736842105265  0.9150219298245614  0.06140350877192982  0.029605263157894735  
