 0  0.2719298245614035  0.22478070175438597  0.05921052631578947  0.03070175438596491  
 0  0.27046783625730997  0.3607456140350877  0.05921052631578947  0.02850877192982456  
 0  0.26900584795321636  0.5  0.06067251461988304  0.03070175438596491  
 0  0.2682748538011696  0.6381578947368421  0.0577485380116959  0.02850877192982456  
 0  0.2671783625730994  0.7774122807017544  0.059941520467836254  0.02631578947368421  
 0  0.2671783625730994  0.9161184210526315  0.059941520467836254  0.029605263157894735  
 0  0.43932748538011696  0.2225877192982456  0.051900584795321635  0.02412280701754386  
 0  0.4378654970760234  0.36239035087719296  0.05043859649122807  0.025219298245614034  
 0  0.4371345029239766  0.5021929824561403  0.05043859649122807  0.02631578947368421  
 0  0.43640350877192985  0.6447368421052632  0.0489766081871345  0.02412280701754386  
 0  0.43567251461988304  0.7850877192982456  0.05043859649122807  0.02631578947368421  
 0  0.43530701754385964  0.9298245614035088  0.05116959064327485  0.02412280701754386  
 0  0.6030701754385965  0.23026315789473684  0.06067251461988304  0.02631578947368421  
 0  0.6034356725146199  0.37006578947368424  0.06140350877192982  0.027412280701754384  
 0  0.6027046783625731  0.5104166666666666  0.06140350877192982  0.027412280701754384  
 0  0.6052631578947368  0.6518640350877193  0.06067251461988304  0.027412280701754384  
 0  0.60453216374269  0.7933114035087719  0.06067251461988304  0.029605263157894735  
 0  0.6067251461988304  0.9375  0.062134502923976605  0.02850877192982456  
