 0  0.27046783625730997  0.22587719298245615  0.056286549707602336  0.02412280701754386  
 0  0.26973684210526316  0.3612938596491228  0.0577485380116959  0.027412280701754384  
 0  0.26900584795321636  0.4994517543859649  0.0577485380116959  0.029605263157894735  
 0  0.2675438596491228  0.637609649122807  0.05921052631578947  0.027412280701754384  
 0  0.26644736842105265  0.7763157894736842  0.05847953216374269  0.02631578947368421  
 0  0.43896198830409355  0.2225877192982456  0.04824561403508772  0.02631578947368421  
 0  0.6034356725146199  0.22971491228070176  0.059941520467836254  0.027412280701754384  
 0  0.4367690058479532  0.36239035087719296  0.05116959064327485  0.027412280701754384  
 0  0.6038011695906432  0.37006578947368424  0.062134502923976605  0.029605263157894735  
 0  0.4371345029239766  0.5021929824561403  0.05482456140350877  0.02850877192982456  
 0  0.6041666666666666  0.5109649122807017  0.06286549707602339  0.02850877192982456  
 0  0.43603801169590645  0.6430921052631579  0.054093567251461985  0.025219298245614034  
 0  0.6052631578947368  0.6513157894736842  0.06067251461988304  0.03070175438596491  
 0  0.43567251461988304  0.7856359649122807  0.051900584795321635  0.027412280701754384  
 0  0.6048976608187134  0.7933114035087719  0.059941520467836254  0.03179824561403509  
 0  0.6056286549707602  0.9375  0.06286549707602339  0.02850877192982456  
 0  0.43567251461988304  0.9298245614035088  0.0533625730994152  0.02631578947368421  
 0  0.26608187134502925  0.9155701754385965  0.062134502923976605  0.02850877192982456  
