 0  0.2719298245614035  0.22532894736842105  0.056286549707602336  0.027412280701754384  
 0  0.43859649122807015  0.2225877192982456  0.051900584795321635  0.02631578947368421  
 0  0.26973684210526316  0.3612938596491228  0.05921052631578947  0.027412280701754384  
 0  0.26900584795321636  0.4994517543859649  0.062134502923976605  0.03179824561403509  
 0  0.2682748538011696  0.6381578947368421  0.05921052631578947  0.03070175438596491  
 0  0.2671783625730994  0.7763157894736842  0.059941520467836254  0.02850877192982456  
 0  0.26644736842105265  0.9166666666666666  0.059941520467836254  0.03070175438596491  
 0  0.4382309941520468  0.3618421052631579  0.05116959064327485  0.02631578947368421  
 0  0.4371345029239766  0.5021929824561403  0.05482456140350877  0.03070175438596491  
 0  0.4375  0.6425438596491229  0.05116959064327485  0.02412280701754386  
 0  0.4367690058479532  0.7850877192982456  0.05263157894736842  0.03070175438596491  
 0  0.43494152046783624  0.9298245614035088  0.051900584795321635  0.02412280701754386  
 0  0.6030701754385965  0.23026315789473684  0.062134502923976605  0.02631578947368421  
 0  0.6030701754385965  0.36951754385964913  0.06359649122807018  0.03070175438596491  
 0  0.6034356725146199  0.5115131578947368  0.059941520467836254  0.025219298245614034  
 0  0.6041666666666666  0.6518640350877193  0.06286549707602339  0.027412280701754384  
 0  0.6048976608187134  0.793859649122807  0.06140350877192982  0.02850877192982456  
 0  0.6052631578947368  0.9364035087719298  0.06652046783625731  0.02850877192982456  
