 0  0.2719298245614035  0.22587719298245615  0.05921052631578947  0.02850877192982456  
 0  0.43932748538011696  0.22313596491228072  0.051900584795321635  0.027412280701754384  
 0  0.26937134502923976  0.3612938596491228  0.059941520467836254  0.027412280701754384  
 0  0.4378654970760234  0.3612938596491228  0.051900584795321635  0.029605263157894735  
 0  0.26937134502923976  0.5  0.05847953216374269  0.02631578947368421  
 0  0.4371345029239766  0.5021929824561403  0.05043859649122807  0.02631578947368421  
 0  0.26900584795321636  0.6387061403508771  0.0577485380116959  0.03179824561403509  
 0  0.4367690058479532  0.6441885964912281  0.05847953216374269  0.027412280701754384  
 0  0.6034356725146199  0.22916666666666666  0.06286549707602339  0.03070175438596491  
 0  0.6030701754385965  0.36896929824561403  0.06359649122807018  0.027412280701754384  
 0  0.6038011695906432  0.512609649122807  0.06505847953216375  0.029605263157894735  
 0  0.6048976608187134  0.6518640350877193  0.06432748538011696  0.029605263157894735  
 0  0.6048976608187134  0.793859649122807  0.06286549707602339  0.02631578947368421  
 0  0.43603801169590645  0.7867324561403509  0.05263157894736842  0.025219298245614034  
 0  0.2679093567251462  0.7774122807017544  0.05847953216374269  0.03070175438596491  
 0  0.26644736842105265  0.9155701754385965  0.059941520467836254  0.03289473684210526  
 0  0.43457602339181284  0.9292763157894737  0.05263157894736842  0.029605263157894735  
 0  0.6067251461988304  0.9358552631578947  0.06359649122807018  0.03179824561403509  
