 0  0.2730263157894737  0.22587719298245615  0.059941520467836254  0.02850877192982456  
 0  0.43932748538011696  0.22423245614035087  0.0533625730994152  0.027412280701754384  
 0  0.2708333333333333  0.3612938596491228  0.059941520467836254  0.027412280701754384  
 0  0.43896198830409355  0.3618421052631579  0.05116959064327485  0.02850877192982456  
 0  0.26900584795321636  0.49835526315789475  0.0577485380116959  0.03179824561403509  
 0  0.43640350877192985  0.5032894736842105  0.0533625730994152  0.03070175438596491  
 0  0.6023391812865497  0.23026315789473684  0.06067251461988304  0.02850877192982456  
 0  0.6038011695906432  0.37006578947368424  0.062134502923976605  0.027412280701754384  
 0  0.6038011695906432  0.5109649122807017  0.062134502923976605  0.02850877192982456  
 0  0.6052631578947368  0.6518640350877193  0.06067251461988304  0.029605263157894735  
 0  0.43640350877192985  0.6441885964912281  0.0533625730994152  0.027412280701754384  
 0  0.2679093567251462  0.637609649122807  0.059941520467836254  0.029605263157894735  
 0  0.60453216374269  0.7933114035087719  0.06067251461988304  0.027412280701754384  
 0  0.43567251461988304  0.7856359649122807  0.051900584795321635  0.027412280701754384  
 0  0.266812865497076  0.7752192982456141  0.056286549707602336  0.02850877192982456  
 0  0.26608187134502925  0.9166666666666666  0.06359649122807018  0.03070175438596491  
 0  0.43457602339181284  0.9287280701754386  0.05263157894736842  0.02631578947368421  
 0  0.6052631578947368  0.9364035087719298  0.06359649122807018  0.03070175438596491  
