 0  0.2719298245614035  0.22697368421052633  0.05921052631578947  0.02412280701754386  
 0  0.43859649122807015  0.22313596491228072  0.051900584795321635  0.023026315789473683  
 0  0.6023391812865497  0.23135964912280702  0.06067251461988304  0.02412280701754386  
 0  0.26937134502923976  0.3607456140350877  0.059941520467836254  0.02850877192982456  
 0  0.4378654970760234  0.3612938596491228  0.05043859649122807  0.029605263157894735  
 0  0.6027046783625731  0.36951754385964913  0.06286549707602339  0.02631578947368421  
 0  0.26973684210526316  0.49890350877192985  0.0577485380116959  0.03070175438596491  
 0  0.43640350877192985  0.5016447368421053  0.051900584795321635  0.027412280701754384  
 0  0.6034356725146199  0.5115131578947368  0.06432748538011696  0.029605263157894735  
 0  0.6041666666666666  0.649671052631579  0.06140350877192982  0.03179824561403509  
 0  0.43567251461988304  0.6430921052631579  0.05043859649122807  0.027412280701754384  
 0  0.2682748538011696  0.637609649122807  0.06067251461988304  0.03179824561403509  
 0  0.2675438596491228  0.7768640350877193  0.0577485380116959  0.027412280701754384  
 0  0.43567251461988304  0.7856359649122807  0.05043859649122807  0.029605263157894735  
 0  0.6048976608187134  0.7933114035087719  0.059941520467836254  0.025219298245614034  
 0  0.6052631578947368  0.9358552631578947  0.06067251461988304  0.03179824561403509  
 0  0.26571637426900585  0.9166666666666666  0.059941520467836254  0.02850877192982456  
 0  0.43494152046783624  0.9281798245614035  0.05043859649122807  0.027412280701754384  
