 0  0.2719298245614035  0.22587719298245615  0.0577485380116959  0.02850877192982456  
 0  0.43896198830409355  0.2225877192982456  0.05116959064327485  0.02631578947368421  
 0  0.26973684210526316  0.3612938596491228  0.0577485380116959  0.025219298245614034  
 0  0.43859649122807015  0.36293859649122806  0.05043859649122807  0.02412280701754386  
 0  0.6027046783625731  0.23026315789473684  0.06286549707602339  0.03289473684210526  
 0  0.6034356725146199  0.36896929824561403  0.06140350877192982  0.029605263157894735  
 0  0.26900584795321636  0.4994517543859649  0.06067251461988304  0.027412280701754384  
 0  0.4378654970760234  0.5027412280701754  0.05043859649122807  0.027412280701754384  
 0  0.6041666666666666  0.5115131578947368  0.06140350877192982  0.027412280701754384  
 0  0.2682748538011696  0.6381578947368421  0.06067251461988304  0.03289473684210526  
 0  0.43640350877192985  0.6441885964912281  0.051900584795321635  0.027412280701754384  
 0  0.60453216374269  0.6524122807017544  0.062134502923976605  0.02631578947368421  
 0  0.26644736842105265  0.7768640350877193  0.05847953216374269  0.03179824561403509  
 0  0.43603801169590645  0.7856359649122807  0.054093567251461985  0.027412280701754384  
 0  0.6052631578947368  0.793859649122807  0.06067251461988304  0.02631578947368421  
 0  0.266812865497076  0.9166666666666666  0.05921052631578947  0.02850877192982456  
 0  0.43603801169590645  0.9287280701754386  0.05116959064327485  0.02631578947368421  
 0  0.6059941520467836  0.9358552631578947  0.06067251461988304  0.027412280701754384  
