 0  0.2722953216374269  0.19078947368421054  0.05701754385964912  0.02412280701754386  
 0  0.43859649122807015  0.18530701754385964  0.05043859649122807  0.02412280701754386  
 0  0.6038011695906432  0.18640350877192982  0.062134502923976605  0.03070175438596491  
 0  0.2711988304093567  0.3256578947368421  0.0577485380116959  0.02412280701754386  
 0  0.4382309941520468  0.32510964912280704  0.05116959064327485  0.025219298245614034  
 0  0.6030701754385965  0.3262061403508772  0.05921052631578947  0.027412280701754384  
 0  0.6023391812865497  0.46600877192982454  0.06067251461988304  0.02631578947368421  
 0  0.43640350877192985  0.4654605263157895  0.051900584795321635  0.023026315789473683  
 0  0.2708333333333333  0.4621710526315789  0.059941520467836254  0.027412280701754384  
 0  0.27046783625730997  0.6019736842105263  0.06067251461988304  0.02631578947368421  
 0  0.4367690058479532  0.6069078947368421  0.05263157894736842  0.027412280701754384  
 0  0.6023391812865497  0.6074561403508771  0.06359649122807018  0.02850877192982456  
 0  0.27010233918128657  0.7406798245614035  0.059941520467836254  0.029605263157894735  
 0  0.4342105263157895  0.7489035087719298  0.0533625730994152  0.02631578947368421  
 0  0.6012426900584795  0.7494517543859649  0.06140350877192982  0.027412280701754384  
 0  0.26973684210526316  0.8799342105263158  0.05921052631578947  0.029605263157894735  
 0  0.43494152046783624  0.8903508771929824  0.0489766081871345  0.02631578947368421  
 0  0.6012426900584795  0.8919956140350878  0.06140350877192982  0.03179824561403509  
