 0  0.27266081871345027  0.18969298245614036  0.06067251461988304  0.03070175438596491  
 0  0.2719298245614035  0.32510964912280704  0.0577485380116959  0.03179824561403509  
 0  0.2708333333333333  0.46381578947368424  0.06140350877192982  0.02850877192982456  
 0  0.2708333333333333  0.6014254385964912  0.05847953216374269  0.029605263157894735  
 0  0.26937134502923976  0.7395833333333334  0.05847953216374269  0.027412280701754384  
 0  0.26900584795321636  0.8777412280701754  0.062134502923976605  0.03399122807017544  
 0  0.43896198830409355  0.18640350877192982  0.05116959064327485  0.02412280701754386  
 0  0.6041666666666666  0.18695175438596492  0.059941520467836254  0.029605263157894735  
 0  0.6027046783625731  0.32456140350877194  0.06286549707602339  0.02850877192982456  
 0  0.4382309941520468  0.3262061403508772  0.05116959064327485  0.025219298245614034  
 0  0.4367690058479532  0.4654605263157895  0.05116959064327485  0.027412280701754384  
 0  0.6034356725146199  0.46765350877192985  0.06286549707602339  0.029605263157894735  
 0  0.6016081871345029  0.606359649122807  0.06359649122807018  0.02850877192982456  
 0  0.43567251461988304  0.6058114035087719  0.051900584795321635  0.025219298245614034  
 0  0.43640350877192985  0.7478070175438597  0.05043859649122807  0.02631578947368421  
 0  0.6012426900584795  0.7489035087719298  0.06140350877192982  0.03289473684210526  
 0  0.6012426900584795  0.8914473684210527  0.06432748538011696  0.03289473684210526  
 0  0.43457602339181284  0.8919956140350878  0.05116959064327485  0.027412280701754384  
