 0  0.27266081871345027  0.18969298245614036  0.05921052631578947  0.02631578947368421  
 0  0.43896198830409355  0.18475877192982457  0.04824561403508772  0.023026315789473683  
 0  0.6034356725146199  0.18695175438596492  0.06578947368421052  0.029605263157894735  
 0  0.6048976608187134  0.32456140350877194  0.06286549707602339  0.03289473684210526  
 0  0.4378654970760234  0.3256578947368421  0.0489766081871345  0.021929824561403508  
 0  0.27046783625730997  0.32730263157894735  0.06359649122807018  0.03179824561403509  
 0  0.2711988304093567  0.46326754385964913  0.06067251461988304  0.03179824561403509  
 0  0.4367690058479532  0.4649122807017544  0.05116959064327485  0.02850877192982456  
 0  0.6027046783625731  0.4654605263157895  0.06140350877192982  0.027412280701754384  
 0  0.6016081871345029  0.606359649122807  0.06359649122807018  0.03070175438596491  
 0  0.43494152046783624  0.6069078947368421  0.05043859649122807  0.023026315789473683  
 0  0.27010233918128657  0.6008771929824561  0.059941520467836254  0.03070175438596491  
 0  0.27046783625730997  0.7379385964912281  0.05921052631578947  0.03289473684210526  
 0  0.43530701754385964  0.7483552631578947  0.05263157894736842  0.025219298245614034  
 0  0.6008771929824561  0.7494517543859649  0.062134502923976605  0.03399122807017544  
 0  0.26973684210526316  0.8793859649122807  0.05921052631578947  0.03070175438596491  
 0  0.43494152046783624  0.8919956140350878  0.056286549707602336  0.029605263157894735  
 0  0.6019736842105263  0.8919956140350878  0.06432748538011696  0.03179824561403509  
