 0  0.27266081871345027  0.18969298245614036  0.06067251461988304  0.02850877192982456  
 0  0.2708333333333333  0.32456140350877194  0.059941520467836254  0.03070175438596491  
 0  0.27010233918128657  0.46326754385964913  0.059941520467836254  0.029605263157894735  
 0  0.27010233918128657  0.6014254385964912  0.05847953216374269  0.029605263157894735  
 0  0.26973684210526316  0.7401315789473685  0.0577485380116959  0.02850877192982456  
 0  0.26900584795321636  0.8793859649122807  0.05921052631578947  0.02850877192982456  
 0  0.4382309941520468  0.18585526315789475  0.049707602339181284  0.025219298245614034  
 0  0.4375  0.3262061403508772  0.054093567251461985  0.027412280701754384  
 0  0.43640350877192985  0.4643640350877193  0.05043859649122807  0.029605263157894735  
 0  0.43640350877192985  0.606359649122807  0.051900584795321635  0.02412280701754386  
 0  0.43494152046783624  0.7489035087719298  0.051900584795321635  0.02631578947368421  
 0  0.43494152046783624  0.8914473684210527  0.051900584795321635  0.02631578947368421  
 0  0.6038011695906432  0.18695175438596492  0.06359649122807018  0.029605263157894735  
 0  0.6030701754385965  0.32510964912280704  0.06652046783625731  0.03179824561403509  
 0  0.6027046783625731  0.46765350877192985  0.06432748538011696  0.03399122807017544  
 0  0.6023391812865497  0.6074561403508771  0.06359649122807018  0.03289473684210526  
 0  0.6016081871345029  0.7478070175438597  0.062134502923976605  0.03070175438596491  
 0  0.6023391812865497  0.8898026315789473  0.06652046783625731  0.03618421052631579  
