 0  0.27266081871345027  0.18969298245614036  0.05921052631578947  0.02631578947368421  
 0  0.2715643274853801  0.32456140350877194  0.05847953216374269  0.02850877192982456  
 0  0.2711988304093567  0.4621710526315789  0.0577485380116959  0.03179824561403509  
 0  0.2711988304093567  0.6014254385964912  0.05921052631578947  0.03179824561403509  
 0  0.26900584795321636  0.7406798245614035  0.06067251461988304  0.029605263157894735  
 0  0.26937134502923976  0.8793859649122807  0.05847953216374269  0.02631578947368421  
 0  0.4378654970760234  0.18585526315789475  0.051900584795321635  0.025219298245614034  
 0  0.4371345029239766  0.3256578947368421  0.0533625730994152  0.02412280701754386  
 0  0.4338450292397661  0.8914473684210527  0.05263157894736842  0.02850877192982456  
 0  0.43567251461988304  0.7483552631578947  0.0489766081871345  0.029605263157894735  
 0  0.43603801169590645  0.606359649122807  0.05263157894736842  0.03070175438596491  
 0  0.43603801169590645  0.46600877192982454  0.049707602339181284  0.02412280701754386  
 0  0.6016081871345029  0.8919956140350878  0.062134502923976605  0.027412280701754384  
 0  0.6023391812865497  0.7483552631578947  0.05921052631578947  0.027412280701754384  
 0  0.6016081871345029  0.6074561403508771  0.05921052631578947  0.02631578947368421  
 0  0.6027046783625731  0.46710526315789475  0.06140350877192982  0.02631578947368421  
 0  0.6030701754385965  0.3262061403508772  0.06067251461988304  0.027412280701754384  
 0  0.60453216374269  0.18640350877192982  0.06067251461988304  0.03070175438596491  
