 0  0.2730263157894737  0.19024122807017543  0.05847953216374269  0.025219298245614034  
 0  0.2711988304093567  0.32510964912280704  0.0577485380116959  0.025219298245614034  
 0  0.2711988304093567  0.46271929824561403  0.0577485380116959  0.02850877192982456  
 0  0.2711988304093567  0.6014254385964912  0.0577485380116959  0.027412280701754384  
 0  0.26973684210526316  0.7406798245614035  0.056286549707602336  0.027412280701754384  
 0  0.26973684210526316  0.8793859649122807  0.06067251461988304  0.02850877192982456  
 0  0.4382309941520468  0.18585526315789475  0.05263157894736842  0.025219298245614034  
 0  0.4375  0.3262061403508772  0.05116959064327485  0.025219298245614034  
 0  0.4367690058479532  0.4654605263157895  0.05263157894736842  0.023026315789473683  
 0  0.43640350877192985  0.6069078947368421  0.0533625730994152  0.027412280701754384  
 0  0.43530701754385964  0.7483552631578947  0.05263157894736842  0.027412280701754384  
 0  0.43494152046783624  0.8908991228070176  0.0533625730994152  0.025219298245614034  
 0  0.6041666666666666  0.18695175438596492  0.06140350877192982  0.025219298245614034  
 0  0.6023391812865497  0.32510964912280704  0.06067251461988304  0.027412280701754384  
 0  0.6023391812865497  0.46655701754385964  0.06067251461988304  0.025219298245614034  
 0  0.6023391812865497  0.6080043859649122  0.06067251461988304  0.025219298245614034  
 0  0.6023391812865497  0.7494517543859649  0.062134502923976605  0.027412280701754384  
 0  0.6005116959064327  0.8919956140350878  0.06140350877192982  0.029605263157894735  
