 0  0.28362573099415206  0.19956140350877194  0.04751461988304093  0.021929824561403508  
 0  0.45723684210526316  0.19188596491228072  0.05263157894736842  0.02412280701754386  
 0  0.2847222222222222  0.33771929824561403  0.049707602339181284  0.019736842105263157  
 0  0.4583333333333333  0.33278508771929827  0.05043859649122807  0.020833333333333332  
 0  0.4594298245614035  0.4720394736842105  0.05116959064327485  0.023026315789473683  
 0  0.285453216374269  0.4769736842105263  0.049707602339181284  0.02631578947368421  
 0  0.28654970760233917  0.6156798245614035  0.05043859649122807  0.020833333333333332  
 0  0.4597953216374269  0.6145833333333334  0.051900584795321635  0.025219298245614034  
 0  0.28654970760233917  0.7560307017543859  0.05043859649122807  0.025219298245614034  
 0  0.4619883040935672  0.7560307017543859  0.05043859649122807  0.025219298245614034  
 0  0.46271929824561403  0.899671052631579  0.051900584795321635  0.025219298245614034  
 0  0.28691520467836257  0.8974780701754386  0.05116959064327485  0.023026315789473683  
