 0  0.28399122807017546  0.20010964912280702  0.05116959064327485  0.023026315789473683  
 0  0.45760233918128657  0.19188596491228072  0.05043859649122807  0.02412280701754386  
 0  0.28399122807017546  0.33771929824561403  0.049707602339181284  0.02631578947368421  
 0  0.45723684210526316  0.33168859649122806  0.054093567251461985  0.027412280701754384  
 0  0.2858187134502924  0.4764254385964912  0.0489766081871345  0.023026315789473683  
 0  0.4590643274853801  0.4725877192982456  0.0489766081871345  0.021929824561403508  
 0  0.4605263157894737  0.6140350877192983  0.0489766081871345  0.02412280701754386  
 0  0.28691520467836257  0.6162280701754386  0.04824561403508772  0.02412280701754386  
 0  0.28691520467836257  0.7571271929824561  0.05116959064327485  0.023026315789473683  
 0  0.4612573099415205  0.7549342105263158  0.05043859649122807  0.025219298245614034  
 0  0.4619883040935672  0.8985745614035088  0.051900584795321635  0.027412280701754384  
 0  0.28691520467836257  0.8974780701754386  0.04824561403508772  0.025219298245614034  
