 0  0.2847222222222222  0.19956140350877194  0.049707602339181284  0.02412280701754386  
 0  0.2843567251461988  0.3371710526315789  0.05043859649122807  0.023026315789473683  
 0  0.28618421052631576  0.4758771929824561  0.04824561403508772  0.02850877192982456  
 0  0.2858187134502924  0.6167763157894737  0.05043859649122807  0.025219298245614034  
 0  0.28654970760233917  0.7560307017543859  0.0489766081871345  0.027412280701754384  
 0  0.28691520467836257  0.8980263157894737  0.05116959064327485  0.02850877192982456  
 0  0.45687134502923976  0.19298245614035087  0.0489766081871345  0.02412280701754386  
 0  0.45760233918128657  0.3333333333333333  0.05043859649122807  0.021929824561403508  
 0  0.4590643274853801  0.4731359649122807  0.05043859649122807  0.023026315789473683  
 0  0.4597953216374269  0.6145833333333334  0.0489766081871345  0.023026315789473683  
 0  0.4612573099415205  0.7554824561403509  0.05043859649122807  0.02631578947368421  
 0  0.4619883040935672  0.899671052631579  0.05043859649122807  0.025219298245614034  
