 0  0.2843567251461988  0.20010964912280702  0.0489766081871345  0.020833333333333332  
 0  0.2847222222222222  0.3371710526315789  0.05116959064327485  0.020833333333333332  
 0  0.28654970760233917  0.4764254385964912  0.0489766081871345  0.023026315789473683  
 0  0.28691520467836257  0.6167763157894737  0.049707602339181284  0.023026315789473683  
 0  0.28654970760233917  0.756578947368421  0.0489766081871345  0.03070175438596491  
 0  0.2880116959064328  0.8985745614035088  0.0533625730994152  0.027412280701754384  
 0  0.45760233918128657  0.19298245614035087  0.05482456140350877  0.02631578947368421  
 0  0.4586988304093567  0.3333333333333333  0.049707602339181284  0.02631578947368421  
 0  0.4594298245614035  0.4725877192982456  0.049707602339181284  0.02631578947368421  
 0  0.4616228070175439  0.6145833333333334  0.05263157894736842  0.027412280701754384  
 0  0.4616228070175439  0.7560307017543859  0.05116959064327485  0.025219298245614034  
 0  0.46235380116959063  0.8985745614035088  0.049707602339181284  0.025219298245614034  
