 0  0.28326023391812866  0.19846491228070176  0.05116959064327485  0.02631578947368421  
 0  0.4583333333333333  0.19353070175438597  0.05043859649122807  0.023026315789473683  
 0  0.4586988304093567  0.33223684210526316  0.049707602339181284  0.02412280701754386  
 0  0.4590643274853801  0.4720394736842105  0.0489766081871345  0.025219298245614034  
 0  0.2850877192982456  0.3371710526315789  0.05043859649122807  0.025219298245614034  
 0  0.28654970760233917  0.4764254385964912  0.0489766081871345  0.023026315789473683  
 0  0.28691520467836257  0.6167763157894737  0.049707602339181284  0.025219298245614034  
 0  0.46016081871345027  0.6140350877192983  0.05116959064327485  0.02850877192982456  
 0  0.28654970760233917  0.7554824561403509  0.05043859649122807  0.02631578947368421  
 0  0.4616228070175439  0.7554824561403509  0.049707602339181284  0.02631578947368421  
 0  0.2883771929824561  0.8974780701754386  0.05116959064327485  0.023026315789473683  
 0  0.46345029239766083  0.8991228070175439  0.05043859649122807  0.02631578947368421  
