 0  0.28362573099415206  0.19956140350877194  0.05043859649122807  0.021929824561403508  
 0  0.45687134502923976  0.1924342105263158  0.05043859649122807  0.023026315789473683  
 0  0.28362573099415206  0.33771929824561403  0.05043859649122807  0.02412280701754386  
 0  0.4590643274853801  0.33278508771929827  0.0489766081871345  0.023026315789473683  
 0  0.28654970760233917  0.4769736842105263  0.0489766081871345  0.02412280701754386  
 0  0.4586988304093567  0.4731359649122807  0.05263157894736842  0.025219298245614034  
 0  0.2858187134502924  0.6162280701754386  0.05043859649122807  0.02850877192982456  
 0  0.46016081871345027  0.6151315789473685  0.05116959064327485  0.021929824561403508  
 0  0.28691520467836257  0.7560307017543859  0.049707602339181284  0.027412280701754384  
 0  0.46235380116959063  0.7549342105263158  0.05116959064327485  0.027412280701754384  
 0  0.28654970760233917  0.8980263157894737  0.05043859649122807  0.02631578947368421  
 0  0.4612573099415205  0.899671052631579  0.0533625730994152  0.029605263157894735  
