 0  0.28399122807017546  0.19846491228070176  0.05116959064327485  0.021929824561403508  
 0  0.45723684210526316  0.19353070175438597  0.05263157894736842  0.023026315789473683  
 0  0.2843567251461988  0.3371710526315789  0.0489766081871345  0.020833333333333332  
 0  0.4594298245614035  0.33278508771929827  0.049707602339181284  0.025219298245614034  
 0  0.2858187134502924  0.4764254385964912  0.0489766081871345  0.023026315789473683  
 0  0.4590643274853801  0.47149122807017546  0.051900584795321635  0.02631578947368421  
 0  0.2858187134502924  0.6167763157894737  0.05043859649122807  0.029605263157894735  
 0  0.4612573099415205  0.6129385964912281  0.05043859649122807  0.02631578947368421  
 0  0.28618421052631576  0.756578947368421  0.05555555555555555  0.03289473684210526  
 0  0.4619883040935672  0.7554824561403509  0.0533625730994152  0.02631578947368421  
 0  0.4619883040935672  0.8980263157894737  0.0533625730994152  0.03070175438596491  
 0  0.28654970760233917  0.8969298245614035  0.05043859649122807  0.02850877192982456  
