 0  0.28252923976608185  0.19846491228070176  0.05263157894736842  0.02850877192982456  
 0  0.45614035087719296  0.1924342105263158  0.0533625730994152  0.025219298245614034  
 0  0.2847222222222222  0.3366228070175439  0.05116959064327485  0.02412280701754386  
 0  0.4586988304093567  0.33223684210526316  0.05116959064327485  0.02850877192982456  
 0  0.285453216374269  0.4758771929824561  0.049707602339181284  0.02412280701754386  
 0  0.4590643274853801  0.4720394736842105  0.051900584795321635  0.023026315789473683  
 0  0.28618421052631576  0.6162280701754386  0.04824561403508772  0.02412280701754386  
 0  0.46016081871345027  0.6140350877192983  0.049707602339181284  0.02631578947368421  
 0  0.2858187134502924  0.756578947368421  0.051900584795321635  0.02631578947368421  
 0  0.4608918128654971  0.7554824561403509  0.04824561403508772  0.02631578947368421  
 0  0.28618421052631576  0.8980263157894737  0.05116959064327485  0.02631578947368421  
 0  0.46271929824561403  0.8985745614035088  0.051900584795321635  0.027412280701754384  
