 0  0.28326023391812866  0.19901315789473684  0.049707602339181284  0.025219298245614034  
 0  0.45687134502923976  0.1924342105263158  0.05043859649122807  0.023026315789473683  
 0  0.4583333333333333  0.33278508771929827  0.05043859649122807  0.025219298245614034  
 0  0.2843567251461988  0.3371710526315789  0.0489766081871345  0.025219298245614034  
 0  0.285453216374269  0.4764254385964912  0.049707602339181284  0.023026315789473683  
 0  0.4590643274853801  0.4725877192982456  0.05043859649122807  0.02412280701754386  
 0  0.28728070175438597  0.6162280701754386  0.05043859649122807  0.02631578947368421  
 0  0.4612573099415205  0.6145833333333334  0.05043859649122807  0.025219298245614034  
 0  0.46235380116959063  0.7554824561403509  0.05116959064327485  0.02850877192982456  
 0  0.28728070175438597  0.7571271929824561  0.05043859649122807  0.025219298245614034  
 0  0.2883771929824561  0.8969298245614035  0.05116959064327485  0.02412280701754386  
 0  0.4619883040935672  0.8991228070175439  0.051900584795321635  0.02631578947368421  
