 0  0.28362573099415206  0.19901315789473684  0.05043859649122807  0.025219298245614034  
 0  0.2847222222222222  0.3371710526315789  0.049707602339181284  0.023026315789473683  
 0  0.2858187134502924  0.4764254385964912  0.0489766081871345  0.020833333333333332  
 0  0.28728070175438597  0.6151315789473685  0.051900584795321635  0.02631578947368421  
 0  0.28691520467836257  0.7554824561403509  0.049707602339181284  0.02412280701754386  
 0  0.28691520467836257  0.8980263157894737  0.05116959064327485  0.02850877192982456  
 0  0.45723684210526316  0.1924342105263158  0.05116959064327485  0.025219298245614034  
 0  0.4583333333333333  0.33223684210526316  0.05043859649122807  0.02412280701754386  
 0  0.4594298245614035  0.4720394736842105  0.05116959064327485  0.025219298245614034  
 0  0.46016081871345027  0.6134868421052632  0.049707602339181284  0.025219298245614034  
 0  0.4608918128654971  0.756578947368421  0.05116959064327485  0.02850877192982456  
 0  0.46235380116959063  0.899671052631579  0.05116959064327485  0.025219298245614034  
