 0  0.28399122807017546  0.19791666666666666  0.049707602339181284  0.029605263157894735  
 0  0.2847222222222222  0.33771929824561403  0.05116959064327485  0.019736842105263157  
 0  0.2858187134502924  0.4764254385964912  0.0489766081871345  0.025219298245614034  
 0  0.28654970760233917  0.6162280701754386  0.04751461988304093  0.02631578947368421  
 0  0.28691520467836257  0.7554824561403509  0.05116959064327485  0.02631578947368421  
 0  0.28691520467836257  0.8969298245614035  0.05116959064327485  0.02412280701754386  
 0  0.45723684210526316  0.1913377192982456  0.049707602339181284  0.027412280701754384  
 0  0.45796783625730997  0.33223684210526316  0.05116959064327485  0.02631578947368421  
 0  0.4594298245614035  0.4720394736842105  0.05116959064327485  0.025219298245614034  
 0  0.46016081871345027  0.6145833333333334  0.05116959064327485  0.023026315789473683  
 0  0.4612573099415205  0.7560307017543859  0.051900584795321635  0.025219298245614034  
 0  0.46271929824561403  0.899671052631579  0.051900584795321635  0.025219298245614034  
