 0  0.2635233918128655  0.18859649122807018  0.04824561403508772  0.02412280701754386  
 0  0.4298245614035088  0.20010964912280702  0.0489766081871345  0.023026315789473683  
 0  0.5924707602339181  0.20065789473684212  0.054093567251461985  0.02850877192982456  
 0  0.2635233918128655  0.3262061403508772  0.049707602339181284  0.029605263157894735  
 0  0.42872807017543857  0.33881578947368424  0.05116959064327485  0.02631578947368421  
 0  0.5932017543859649  0.3432017543859649  0.05263157894736842  0.02850877192982456  
 0  0.2627923976608187  0.46600877192982454  0.049707602339181284  0.02412280701754386  
 0  0.42616959064327486  0.47971491228070173  0.051900584795321635  0.025219298245614034  
 0  0.5939327485380117  0.48739035087719296  0.05555555555555555  0.025219298245614034  
 0  0.26169590643274854  0.6052631578947368  0.05043859649122807  0.02850877192982456  
 0  0.42543859649122806  0.6206140350877193  0.0533625730994152  0.02631578947368421  
 0  0.5924707602339181  0.6299342105263158  0.054093567251461985  0.025219298245614034  
 0  0.26096491228070173  0.7467105263157895  0.0489766081871345  0.02412280701754386  
 0  0.4239766081871345  0.762609649122807  0.05043859649122807  0.025219298245614034  
 0  0.5928362573099415  0.7735745614035088  0.0533625730994152  0.025219298245614034  
 0  0.2598684210526316  0.8865131578947368  0.05116959064327485  0.025219298245614034  
 0  0.42251461988304095  0.9046052631578947  0.051900584795321635  0.02631578947368421  
 0  0.5924707602339181  0.9166666666666666  0.054093567251461985  0.02412280701754386  
