 0  0.2638888888888889  0.18859649122807018  0.05043859649122807  0.02631578947368421  
 0  0.4298245614035088  0.20010964912280702  0.05043859649122807  0.023026315789473683  
 0  0.5928362573099415  0.20065789473684212  0.051900584795321635  0.02412280701754386  
 0  0.26242690058479534  0.3262061403508772  0.0489766081871345  0.025219298245614034  
 0  0.4279970760233918  0.33881578947368424  0.049707602339181284  0.02412280701754386  
 0  0.5928362573099415  0.3442982456140351  0.0533625730994152  0.02631578947368421  
 0  0.26242690058479534  0.46600877192982454  0.0489766081871345  0.02412280701754386  
 0  0.4269005847953216  0.4791666666666667  0.05043859649122807  0.021929824561403508  
 0  0.5939327485380117  0.4857456140350877  0.05116959064327485  0.02631578947368421  
 0  0.26096491228070173  0.6052631578947368  0.05043859649122807  0.02631578947368421  
 0  0.4243421052631579  0.6211622807017544  0.05263157894736842  0.027412280701754384  
 0  0.5928362573099415  0.6304824561403509  0.0533625730994152  0.02850877192982456  
 0  0.26096491228070173  0.7461622807017544  0.0489766081871345  0.025219298245614034  
 0  0.4239766081871345  0.7620614035087719  0.051900584795321635  0.02850877192982456  
 0  0.5932017543859649  0.7730263157894737  0.05263157894736842  0.02631578947368421  
 0  0.5921052631578947  0.9172149122807017  0.05043859649122807  0.023026315789473683  
 0  0.4228801169590643  0.9046052631578947  0.05116959064327485  0.02850877192982456  
 0  0.260233918128655  0.8865131578947368  0.051900584795321635  0.027412280701754384  
