 0  0.2631578947368421  0.18804824561403508  0.05043859649122807  0.027412280701754384  
 0  0.4283625730994152  0.19956140350877194  0.05043859649122807  0.02412280701754386  
 0  0.5928362573099415  0.20065789473684212  0.051900584795321635  0.02631578947368421  
 0  0.2631578947368421  0.3267543859649123  0.0489766081871345  0.02412280701754386  
 0  0.427266081871345  0.33826754385964913  0.05116959064327485  0.025219298245614034  
 0  0.5935672514619883  0.3432017543859649  0.05043859649122807  0.02631578947368421  
 0  0.2631578947368421  0.4654605263157895  0.04751461988304093  0.023026315789473683  
 0  0.42653508771929827  0.4786184210526316  0.05116959064327485  0.027412280701754384  
 0  0.5932017543859649  0.4862938596491228  0.05263157894736842  0.027412280701754384  
 0  0.26169590643274854  0.6058114035087719  0.05043859649122807  0.025219298245614034  
 0  0.42507309941520466  0.6211622807017544  0.05116959064327485  0.027412280701754384  
 0  0.5932017543859649  0.6299342105263158  0.05116959064327485  0.025219298245614034  
 0  0.260233918128655  0.7456140350877193  0.05043859649122807  0.02631578947368421  
 0  0.42507309941520466  0.762609649122807  0.04824561403508772  0.025219298245614034  
 0  0.5928362573099415  0.7735745614035088  0.0533625730994152  0.027412280701754384  
 0  0.2595029239766082  0.8870614035087719  0.05043859649122807  0.02631578947368421  
 0  0.4228801169590643  0.9051535087719298  0.049707602339181284  0.023026315789473683  
 0  0.5928362573099415  0.9166666666666666  0.0533625730994152  0.02850877192982456  
