 0  0.2635233918128655  0.18585526315789475  0.05116959064327485  0.025219298245614034  
 0  0.42580409356725146  0.17982456140350878  0.054093567251461985  0.02850877192982456  
 0  0.26133040935672514  0.32456140350877194  0.05116959064327485  0.02412280701754386  
 0  0.4239766081871345  0.3190789473684211  0.051900584795321635  0.02850877192982456  
 0  0.2605994152046784  0.46271929824561403  0.05116959064327485  0.03070175438596491  
 0  0.42214912280701755  0.4588815789473684  0.05116959064327485  0.027412280701754384  
 0  0.25840643274853803  0.6019736842105263  0.05116959064327485  0.02850877192982456  
 0  0.420687134502924  0.5997807017543859  0.05263157894736842  0.02631578947368421  
 0  0.25548245614035087  0.7428728070175439  0.05263157894736842  0.027412280701754384  
 0  0.41812865497076024  0.7412280701754386  0.05043859649122807  0.02631578947368421  
 0  0.4159356725146199  0.8837719298245614  0.05043859649122807  0.02850877192982456  
 0  0.2540204678362573  0.8826754385964912  0.049707602339181284  0.02850877192982456  
 0  0.5964912280701754  0.16721491228070176  0.0533625730994152  0.025219298245614034  
 0  0.5942982456140351  0.31030701754385964  0.051900584795321635  0.02850877192982456  
 0  0.5942982456140351  0.45285087719298245  0.0533625730994152  0.02850877192982456  
 0  0.5921052631578947  0.5975877192982456  0.05043859649122807  0.02631578947368421  
 0  0.5902777777777778  0.7401315789473685  0.05116959064327485  0.02631578947368421  
 0  0.5888157894736842  0.8837719298245614  0.05116959064327485  0.02850877192982456  
