 0  0.26242690058479534  0.18585526315789475  0.0533625730994152  0.025219298245614034  
 0  0.4247076023391813  0.17927631578947367  0.05043859649122807  0.025219298245614034  
 0  0.5953947368421053  0.16831140350877194  0.05263157894736842  0.025219298245614034  
 0  0.5939327485380117  0.30975877192982454  0.05116959064327485  0.025219298245614034  
 0  0.4232456140350877  0.31798245614035087  0.051900584795321635  0.02412280701754386  
 0  0.26206140350877194  0.32456140350877194  0.05116959064327485  0.02850877192982456  
 0  0.260233918128655  0.46326754385964913  0.04751461988304093  0.025219298245614034  
 0  0.42141812865497075  0.4588815789473684  0.05116959064327485  0.025219298245614034  
 0  0.5939327485380117  0.45394736842105265  0.05116959064327485  0.02631578947368421  
 0  0.2580409356725146  0.6025219298245614  0.0489766081871345  0.023026315789473683  
 0  0.4199561403508772  0.5986842105263158  0.05116959064327485  0.02631578947368421  
 0  0.5921052631578947  0.5970394736842105  0.0533625730994152  0.025219298245614034  
 0  0.25584795321637427  0.7417763157894737  0.05043859649122807  0.029605263157894735  
 0  0.41849415204678364  0.7406798245614035  0.05116959064327485  0.029605263157894735  
 0  0.5910087719298246  0.7406798245614035  0.05116959064327485  0.03179824561403509  
 0  0.2532894736842105  0.8821271929824561  0.049707602339181284  0.027412280701754384  
 0  0.4152046783625731  0.8837719298245614  0.0533625730994152  0.02850877192982456  
 0  0.5891812865497076  0.8832236842105263  0.0533625730994152  0.029605263157894735  
