 0  0.2635233918128655  0.18585526315789475  0.049707602339181284  0.027412280701754384  
 0  0.42543859649122806  0.18037280701754385  0.05043859649122807  0.027412280701754384  
 0  0.5950292397660819  0.16831140350877194  0.05482456140350877  0.025219298245614034  
 0  0.5950292397660819  0.30975877192982454  0.05043859649122807  0.025219298245614034  
 0  0.4239766081871345  0.31798245614035087  0.051900584795321635  0.02631578947368421  
 0  0.26096491228070173  0.32346491228070173  0.0533625730994152  0.03070175438596491  
 0  0.2605994152046784  0.46271929824561403  0.049707602339181284  0.02850877192982456  
 0  0.42105263157894735  0.4583333333333333  0.0533625730994152  0.02850877192982456  
 0  0.5928362573099415  0.45285087719298245  0.0533625730994152  0.02850877192982456  
 0  0.4199561403508772  0.5986842105263158  0.05116959064327485  0.02631578947368421  
 0  0.5910087719298246  0.5975877192982456  0.05263157894736842  0.02631578947368421  
 0  0.2580409356725146  0.6014254385964912  0.0489766081871345  0.027412280701754384  
 0  0.25548245614035087  0.7417763157894737  0.049707602339181284  0.027412280701754384  
 0  0.41739766081871343  0.7423245614035088  0.05043859649122807  0.02850877192982456  
 0  0.5902777777777778  0.7406798245614035  0.054093567251461985  0.029605263157894735  
 0  0.2536549707602339  0.8837719298245614  0.05043859649122807  0.02850877192982456  
 0  0.4159356725146199  0.8832236842105263  0.0533625730994152  0.029605263157894735  
 0  0.5888157894736842  0.8848684210526315  0.05263157894736842  0.03070175438596491  
