 0  0.2635233918128655  0.18530701754385964  0.04824561403508772  0.02631578947368421  
 0  0.4247076023391813  0.17982456140350878  0.05482456140350877  0.02631578947368421  
 0  0.596125730994152  0.16831140350877194  0.05116959064327485  0.023026315789473683  
 0  0.26169590643274854  0.32346491228070173  0.0489766081871345  0.02631578947368421  
 0  0.4232456140350877  0.31853070175438597  0.05043859649122807  0.025219298245614034  
 0  0.5946637426900585  0.31085526315789475  0.05263157894736842  0.029605263157894735  
 0  0.2598684210526316  0.46326754385964913  0.05116959064327485  0.027412280701754384  
 0  0.42105263157894735  0.45778508771929827  0.0533625730994152  0.027412280701754384  
 0  0.5939327485380117  0.45339912280701755  0.05263157894736842  0.025219298245614034  
 0  0.2576754385964912  0.6014254385964912  0.05116959064327485  0.025219298245614034  
 0  0.4203216374269006  0.5997807017543859  0.05043859649122807  0.02412280701754386  
 0  0.5917397660818714  0.5975877192982456  0.054093567251461985  0.02850877192982456  
 0  0.25511695906432746  0.7417763157894737  0.0533625730994152  0.027412280701754384  
 0  0.41812865497076024  0.7412280701754386  0.051900584795321635  0.02850877192982456  
 0  0.5906432748538012  0.7395833333333334  0.05482456140350877  0.027412280701754384  
 0  0.2543859649122807  0.881578947368421  0.051900584795321635  0.03070175438596491  
 0  0.4155701754385965  0.8821271929824561  0.05116959064327485  0.027412280701754384  
 0  0.5884502923976608  0.8843201754385965  0.05482456140350877  0.029605263157894735  
