 0  0.2627923976608187  0.18585526315789475  0.049707602339181284  0.025219298245614034  
 0  0.4243421052631579  0.17982456140350878  0.05263157894736842  0.02631578947368421  
 0  0.5968567251461988  0.16776315789473684  0.05263157894736842  0.02850877192982456  
 0  0.26206140350877194  0.3229166666666667  0.049707602339181284  0.025219298245614034  
 0  0.4239766081871345  0.3190789473684211  0.05043859649122807  0.02631578947368421  
 0  0.5953947368421053  0.31085526315789475  0.05263157894736842  0.029605263157894735  
 0  0.2605994152046784  0.4616228070175439  0.049707602339181284  0.02412280701754386  
 0  0.42105263157894735  0.45778508771929827  0.0489766081871345  0.025219298245614034  
 0  0.5935672514619883  0.45339912280701755  0.05482456140350877  0.027412280701754384  
 0  0.25877192982456143  0.6025219298245614  0.05043859649122807  0.029605263157894735  
 0  0.4203216374269006  0.5992324561403509  0.051900584795321635  0.027412280701754384  
 0  0.591374269005848  0.5970394736842105  0.05043859649122807  0.027412280701754384  
 0  0.2569444444444444  0.7423245614035088  0.04824561403508772  0.02850877192982456  
 0  0.41812865497076024  0.7401315789473685  0.056286549707602336  0.03070175438596491  
 0  0.5906432748538012  0.7395833333333334  0.0533625730994152  0.029605263157894735  
 0  0.2536549707602339  0.8826754385964912  0.051900584795321635  0.02850877192982456  
 0  0.41703216374269003  0.8821271929824561  0.05116959064327485  0.029605263157894735  
 0  0.589546783625731  0.881578947368421  0.05555555555555555  0.02850877192982456  
