 0  0.2638888888888889  0.18530701754385964  0.05043859649122807  0.02412280701754386  
 0  0.4243421052631579  0.1787280701754386  0.05116959064327485  0.02631578947368421  
 0  0.596125730994152  0.16721491228070176  0.054093567251461985  0.027412280701754384  
 0  0.26096491228070173  0.3229166666666667  0.0533625730994152  0.025219298245614034  
 0  0.4239766081871345  0.31743421052631576  0.0533625730994152  0.023026315789473683  
 0  0.5946637426900585  0.31030701754385964  0.05263157894736842  0.02631578947368421  
 0  0.26096491228070173  0.4621710526315789  0.05043859649122807  0.023026315789473683  
 0  0.42251461988304095  0.45778508771929827  0.05043859649122807  0.025219298245614034  
 0  0.5928362573099415  0.45339912280701755  0.051900584795321635  0.027412280701754384  
 0  0.2580409356725146  0.6019736842105263  0.0489766081871345  0.02412280701754386  
 0  0.4195906432748538  0.5992324561403509  0.05043859649122807  0.027412280701754384  
 0  0.5917397660818714  0.5970394736842105  0.05116959064327485  0.027412280701754384  
 0  0.25621345029239767  0.7417763157894737  0.04824561403508772  0.027412280701754384  
 0  0.41885964912280704  0.7417763157894737  0.0533625730994152  0.027412280701754384  
 0  0.5910087719298246  0.7395833333333334  0.05263157894736842  0.027412280701754384  
 0  0.2536549707602339  0.8821271929824561  0.05043859649122807  0.027412280701754384  
 0  0.4159356725146199  0.8821271929824561  0.0533625730994152  0.029605263157894735  
 0  0.5891812865497076  0.8826754385964912  0.0533625730994152  0.02631578947368421  
