 0  0.2631578947368421  0.18530701754385964  0.05043859649122807  0.02631578947368421  
 0  0.26206140350877194  0.32401315789473684  0.05263157894736842  0.027412280701754384  
 0  0.2595029239766082  0.4616228070175439  0.05043859649122807  0.02631578947368421  
 0  0.2580409356725146  0.6019736842105263  0.051900584795321635  0.02631578947368421  
 0  0.2565789473684211  0.7417763157894737  0.05043859649122807  0.029605263157894735  
 0  0.25292397660818716  0.881578947368421  0.051900584795321635  0.02850877192982456  
 0  0.42543859649122806  0.17817982456140352  0.0489766081871345  0.027412280701754384  
 0  0.4232456140350877  0.31853070175438597  0.051900584795321635  0.027412280701754384  
 0  0.42178362573099415  0.45723684210526316  0.05043859649122807  0.02631578947368421  
 0  0.4192251461988304  0.5986842105263158  0.05263157894736842  0.02631578947368421  
 0  0.41739766081871343  0.7406798245614035  0.051900584795321635  0.027412280701754384  
 0  0.4159356725146199  0.881578947368421  0.0533625730994152  0.03070175438596491  
 0  0.5964912280701754  0.16721491228070176  0.0533625730994152  0.025219298245614034  
 0  0.5953947368421053  0.31030701754385964  0.05263157894736842  0.02850877192982456  
 0  0.5935672514619883  0.4517543859649123  0.051900584795321635  0.02631578947368421  
 0  0.5917397660818714  0.5981359649122807  0.05116959064327485  0.025219298245614034  
 0  0.589546783625731  0.7401315789473685  0.05263157894736842  0.02850877192982456  
 0  0.5888157894736842  0.8837719298245614  0.054093567251461985  0.02631578947368421  
