 0  0.3055555555555556  0.19298245614035087  0.0489766081871345  0.021929824561403508  
 0  0.47514619883040937  0.1924342105263158  0.05043859649122807  0.023026315789473683  
 0  0.30738304093567254  0.33114035087719296  0.05116959064327485  0.02412280701754386  
 0  0.47733918128654973  0.33168859649122806  0.05043859649122807  0.023026315789473683  
 0  0.3084795321637427  0.47094298245614036  0.051900584795321635  0.023026315789473683  
 0  0.4788011695906433  0.47149122807017546  0.05043859649122807  0.02412280701754386  
 0  0.3077485380116959  0.6107456140350878  0.0489766081871345  0.02412280701754386  
 0  0.47953216374269003  0.6145833333333334  0.05043859649122807  0.029605263157894735  
 0  0.3084795321637427  0.7516447368421053  0.05043859649122807  0.025219298245614034  
 0  0.48099415204678364  0.756578947368421  0.051900584795321635  0.02631578947368421  
 0  0.3092105263157895  0.8919956140350878  0.0533625730994152  0.025219298245614034  
 0  0.4820906432748538  0.899671052631579  0.05116959064327485  0.023026315789473683  
