 0  0.3059210526315789  0.1924342105263158  0.05116959064327485  0.023026315789473683  
 0  0.30665204678362573  0.3305921052631579  0.05263157894736842  0.023026315789473683  
 0  0.3081140350877193  0.46875  0.05116959064327485  0.027412280701754384  
 0  0.3084795321637427  0.6112938596491229  0.0489766081871345  0.023026315789473683  
 0  0.3092105263157895  0.7516447368421053  0.051900584795321635  0.025219298245614034  
 0  0.4755116959064328  0.1913377192982456  0.05263157894736842  0.025219298245614034  
 0  0.4784356725146199  0.33168859649122806  0.049707602339181284  0.025219298245614034  
 0  0.4784356725146199  0.4725877192982456  0.049707602339181284  0.02631578947368421  
 0  0.47953216374269003  0.6151315789473685  0.05043859649122807  0.02631578947368421  
 0  0.48026315789473684  0.7554824561403509  0.051900584795321635  0.02631578947368421  
 0  0.48135964912280704  0.899671052631579  0.05263157894736842  0.027412280701754384  
 0  0.30994152046783624  0.8925438596491229  0.0533625730994152  0.02850877192982456  
