 0  0.3059210526315789  0.1913377192982456  0.05116959064327485  0.029605263157894735  
 0  0.4758771929824561  0.1913377192982456  0.05043859649122807  0.020833333333333332  
 0  0.30628654970760233  0.3305921052631579  0.0533625730994152  0.027412280701754384  
 0  0.4769736842105263  0.33168859649122806  0.05116959064327485  0.029605263157894735  
 0  0.4788011695906433  0.4725877192982456  0.05043859649122807  0.02412280701754386  
 0  0.3081140350877193  0.47039473684210525  0.04824561403508772  0.021929824561403508  
 0  0.47989766081871343  0.6129385964912281  0.05116959064327485  0.02631578947368421  
 0  0.3084795321637427  0.6107456140350878  0.0489766081871345  0.02631578947368421  
 0  0.48062865497076024  0.7560307017543859  0.05116959064327485  0.027412280701754384  
 0  0.3088450292397661  0.7516447368421053  0.04824561403508772  0.025219298245614034  
 0  0.3077485380116959  0.8925438596491229  0.05043859649122807  0.02412280701754386  
 0  0.4824561403508772  0.9002192982456141  0.05043859649122807  0.02631578947368421  
