 0  0.33845029239766083  0.19298245614035087  0.05043859649122807  0.02412280701754386  
 0  0.3358918128654971  0.33114035087719296  0.05116959064327485  0.02412280701754386  
 0  0.3347953216374269  0.47094298245614036  0.0489766081871345  0.025219298245614034  
 0  0.33260233918128657  0.6112938596491229  0.05043859649122807  0.027412280701754384  
 0  0.3307748538011696  0.7521929824561403  0.049707602339181284  0.02850877192982456  
 0  0.32894736842105265  0.8930921052631579  0.05043859649122807  0.025219298245614034  
 0  0.5051169590643275  0.19791666666666666  0.05043859649122807  0.023026315789473683  
 0  0.5043859649122807  0.33826754385964913  0.05043859649122807  0.025219298245614034  
 0  0.5058479532163743  0.4786184210526316  0.051900584795321635  0.025219298245614034  
 0  0.506578947368421  0.6200657894736842  0.05043859649122807  0.027412280701754384  
 0  0.5062134502923976  0.762609649122807  0.05116959064327485  0.025219298245614034  
 0  0.5073099415204678  0.9073464912280702  0.05043859649122807  0.025219298245614034  
