 0  0.33771929824561403  0.19188596491228072  0.051900584795321635  0.02631578947368421  
 0  0.5036549707602339  0.19682017543859648  0.051900584795321635  0.025219298245614034  
 0  0.3366228070175439  0.33114035087719296  0.049707602339181284  0.02631578947368421  
 0  0.5047514619883041  0.3371710526315789  0.049707602339181284  0.027412280701754384  
 0  0.33516081871345027  0.47039473684210525  0.049707602339181284  0.02850877192982456  
 0  0.5054824561403509  0.4780701754385965  0.05263157894736842  0.03070175438596491  
 0  0.33150584795321636  0.6118421052631579  0.05116959064327485  0.02631578947368421  
 0  0.5058479532163743  0.6200657894736842  0.0533625730994152  0.027412280701754384  
 0  0.33114035087719296  0.7521929824561403  0.05043859649122807  0.02631578947368421  
 0  0.5073099415204678  0.762609649122807  0.05043859649122807  0.025219298245614034  
 0  0.32821637426900585  0.8925438596491229  0.051900584795321635  0.02631578947368421  
 0  0.5069444444444444  0.9051535087719298  0.05263157894736842  0.027412280701754384  
