 0  0.33771929824561403  0.19298245614035087  0.05482456140350877  0.02631578947368421  
 0  0.5047514619883041  0.19791666666666666  0.05116959064327485  0.025219298245614034  
 0  0.5047514619883041  0.33826754385964913  0.054093567251461985  0.023026315789473683  
 0  0.3362573099415205  0.3305921052631579  0.05043859649122807  0.025219298245614034  
 0  0.3347953216374269  0.4720394736842105  0.051900584795321635  0.029605263157894735  
 0  0.5047514619883041  0.4786184210526316  0.05116959064327485  0.029605263157894735  
 0  0.33260233918128657  0.6107456140350878  0.0489766081871345  0.02631578947368421  
 0  0.5062134502923976  0.6200657894736842  0.05116959064327485  0.025219298245614034  
 0  0.3304093567251462  0.7521929824561403  0.05043859649122807  0.02850877192982456  
 0  0.508406432748538  0.7637061403508771  0.05555555555555555  0.025219298245614034  
 0  0.32894736842105265  0.8925438596491229  0.05043859649122807  0.03070175438596491  
 0  0.508406432748538  0.9067982456140351  0.054093567251461985  0.02631578947368421  
