 0  0.33845029239766083  0.19298245614035087  0.0489766081871345  0.02850877192982456  
 0  0.5040204678362573  0.19736842105263158  0.05263157894736842  0.02631578947368421  
 0  0.3355263157894737  0.3294956140350877  0.05043859649122807  0.029605263157894735  
 0  0.5054824561403509  0.3366228070175439  0.05263157894736842  0.03070175438596491  
 0  0.3358918128654971  0.46984649122807015  0.054093567251461985  0.029605263157894735  
 0  0.5062134502923976  0.4764254385964912  0.054093567251461985  0.03179824561403509  
 0  0.33223684210526316  0.6112938596491229  0.049707602339181284  0.027412280701754384  
 0  0.506578947368421  0.6217105263157895  0.0533625730994152  0.02631578947368421  
 0  0.506578947368421  0.7631578947368421  0.0533625730994152  0.02850877192982456  
 0  0.3300438596491228  0.7521929824561403  0.05116959064327485  0.02631578947368421  
 0  0.32858187134502925  0.8930921052631579  0.05263157894736842  0.029605263157894735  
 0  0.5076754385964912  0.9067982456140351  0.05116959064327485  0.02631578947368421  
