 0  0.4692982456140351  0.2675438596491228  0.11476608187134503  0.05043859649122807  
 0  0.47149122807017546  0.5948464912280702  0.11476608187134503  0.051535087719298246  
 0  0.4718567251461988  0.9084429824561403  0.10964912280701754  0.047149122807017545  
 0  0.2225877192982456  0.7763157894736842  0.08187134502923976  0.03508771929824561  
 0  0.22149122807017543  0.7176535087719298  0.08114035087719298  0.03618421052631579  
 0  0.22185672514619884  0.6584429824561403  0.0804093567251462  0.03837719298245614  
 0  0.22039473684210525  0.6030701754385965  0.0847953216374269  0.03508771929824561  
 0  0.21966374269005848  0.5482456140350878  0.08333333333333333  0.03508771929824561  
 0  0.21820175438596492  0.4895833333333333  0.08187134502923976  0.03618421052631579  
 0  0.21820175438596492  0.4303728070175439  0.0847953216374269  0.03837719298245614  
 0  0.21564327485380116  0.37006578947368424  0.08552631578947369  0.04057017543859649  
 0  0.21600877192982457  0.3092105263157895  0.0847953216374269  0.039473684210526314  
 0  0.21564327485380116  0.24725877192982457  0.08552631578947369  0.03618421052631579  
 0  0.21454678362573099  0.18695175438596492  0.0847953216374269  0.04057017543859649  
 0  0.21454678362573099  0.125  0.08625730994152046  0.039473684210526314  
 0  0.21454678362573099  0.06195175438596491  0.08333333333333333  0.03618421052631579  
