 0  0.2141812865497076  0.06195175438596491  0.08552631578947369  0.03837719298245614  
 0  0.4692982456140351  0.2680921052631579  0.1162280701754386  0.0537280701754386  
 0  0.47149122807017546  0.5948464912280702  0.11038011695906433  0.049342105263157895  
 0  0.4718567251461988  0.9100877192982456  0.1067251461988304  0.04824561403508772  
 0  0.2225877192982456  0.7757675438596491  0.08187134502923976  0.03399122807017544  
 0  0.22185672514619884  0.71875  0.07894736842105263  0.03837719298245614  
 0  0.22185672514619884  0.6584429824561403  0.0804093567251462  0.03618421052631579  
 0  0.22149122807017543  0.6036184210526315  0.08114035087719298  0.03399122807017544  
 0  0.21966374269005848  0.5476973684210527  0.0804093567251462  0.03399122807017544  
 0  0.21966374269005848  0.4895833333333333  0.08333333333333333  0.03618421052631579  
 0  0.21747076023391812  0.37006578947368424  0.08187134502923976  0.03837719298245614  
 0  0.21747076023391812  0.4292763157894737  0.08333333333333333  0.03837719298245614  
 0  0.21637426900584794  0.3086622807017544  0.08260233918128655  0.03837719298245614  
 0  0.2149122807017544  0.24725877192982457  0.08406432748538012  0.03618421052631579  
 0  0.21454678362573099  0.18640350877192982  0.08333333333333333  0.03728070175438596  
 0  0.2138157894736842  0.125  0.08333333333333333  0.041666666666666664  
