 0  0.21454678362573099  0.0625  0.08333333333333333  0.03728070175438596  
 0  0.2141812865497076  0.125  0.08406432748538012  0.03728070175438596  
 0  0.47076023391812866  0.26864035087719296  0.11476608187134503  0.04824561403508772  
 0  0.2134502923976608  0.18695175438596492  0.08406432748538012  0.04057017543859649  
 0  0.2149122807017544  0.24890350877192982  0.08406432748538012  0.03508771929824561  
 0  0.21564327485380116  0.3081140350877193  0.08260233918128655  0.03728070175438596  
 0  0.21783625730994152  0.3706140350877193  0.08406432748538012  0.03728070175438596  
 0  0.21783625730994152  0.4309210526315789  0.08260233918128655  0.039473684210526314  
 0  0.47076023391812866  0.5948464912280702  0.1118421052631579  0.049342105263157895  
 0  0.2185672514619883  0.4901315789473684  0.07967836257309942  0.03728070175438596  
 0  0.21966374269005848  0.5487938596491229  0.08187134502923976  0.03837719298245614  
 0  0.47112573099415206  0.9089912280701754  0.10818713450292397  0.043859649122807015  
 0  0.22039473684210525  0.6036184210526315  0.08187134502923976  0.03399122807017544  
 0  0.22149122807017543  0.6589912280701754  0.07967836257309942  0.03728070175438596  
 0  0.22149122807017543  0.71875  0.07821637426900585  0.03618421052631579  
 0  0.22295321637426901  0.7757675438596491  0.08114035087719298  0.03837719298245614  
