 0  0.4696637426900585  0.2680921052631579  0.11403508771929824  0.049342105263157895  
 0  0.47002923976608185  0.5959429824561403  0.11038011695906433  0.047149122807017545  
 0  0.47149122807017546  0.9100877192982456  0.10891812865497076  0.041666666666666664  
 0  0.16228070175438597  0.8135964912280702  0.07967836257309942  0.039473684210526314  
 0  0.1615497076023392  0.7560307017543859  0.07967836257309942  0.03618421052631579  
 0  0.1615497076023392  0.6968201754385965  0.07967836257309942  0.03837719298245614  
 0  0.1611842105263158  0.6419956140350878  0.08187134502923976  0.03618421052631579  
 0  0.16045321637426901  0.5866228070175439  0.0804093567251462  0.03728070175438596  
 0  0.15862573099415206  0.5296052631578947  0.08260233918128655  0.03728070175438596  
 0  0.15862573099415206  0.47094298245614036  0.08260233918128655  0.03837719298245614  
 0  0.15789473684210525  0.41118421052631576  0.08114035087719298  0.039473684210526314  
 0  0.15789473684210525  0.34978070175438597  0.08406432748538012  0.041666666666666664  
 0  0.15679824561403508  0.2883771929824561  0.08333333333333333  0.043859649122807015  
 0  0.1564327485380117  0.22861842105263158  0.08552631578947369  0.04057017543859649  
 0  0.15716374269005848  0.16611842105263158  0.08406432748538012  0.04057017543859649  
 0  0.15862573099415206  0.10361842105263158  0.08552631578947369  0.04057017543859649  
