 0  0.47149122807017546  0.5948464912280702  0.1118421052631579  0.044956140350877194  
 0  0.47149122807017546  0.9106359649122807  0.11038011695906433  0.047149122807017545  
 0  0.4696637426900585  0.26918859649122806  0.1154970760233918  0.051535087719298246  
 0  0.1615497076023392  0.8141447368421053  0.08260233918128655  0.03837719298245614  
 0  0.1615497076023392  0.7560307017543859  0.07967836257309942  0.03837719298245614  
 0  0.1615497076023392  0.6973684210526315  0.07967836257309942  0.039473684210526314  
 0  0.16045321637426901  0.6414473684210527  0.0804093567251462  0.03728070175438596  
 0  0.16045321637426901  0.5860745614035088  0.08187134502923976  0.03837719298245614  
 0  0.1600877192982456  0.5290570175438597  0.08260233918128655  0.03618421052631579  
 0  0.15935672514619884  0.46984649122807015  0.08260233918128655  0.03837719298245614  
 0  0.15826023391812866  0.41173245614035087  0.08187134502923976  0.03837719298245614  
 0  0.15752923976608188  0.34923245614035087  0.08187134502923976  0.03618421052631579  
 0  0.15679824561403508  0.2878289473684211  0.08333333333333333  0.03618421052631579  
 0  0.1564327485380117  0.22861842105263158  0.08260233918128655  0.03837719298245614  
 0  0.15752923976608188  0.16611842105263158  0.0847953216374269  0.04057017543859649  
 0  0.15826023391812866  0.10361842105263158  0.0847953216374269  0.03837719298245614  
