 0  0.15789473684210525  0.10416666666666667  0.08552631578947369  0.039473684210526314  
 0  0.15679824561403508  0.16611842105263158  0.08333333333333333  0.03837719298245614  
 0  0.15716374269005848  0.22697368421052633  0.08406432748538012  0.03728070175438596  
 0  0.15716374269005848  0.2883771929824561  0.08406432748538012  0.041666666666666664  
 0  0.15899122807017543  0.3503289473684211  0.0847953216374269  0.03837719298245614  
 0  0.47112573099415206  0.5953947368421053  0.1111111111111111  0.04824561403508772  
 0  0.47149122807017546  0.9089912280701754  0.10891812865497076  0.043859649122807015  
 0  0.4696637426900585  0.2675438596491228  0.11403508771929824  0.046052631578947366  
 0  0.15752923976608188  0.4100877192982456  0.0847953216374269  0.03728070175438596  
 0  0.15826023391812866  0.47094298245614036  0.08187134502923976  0.03837719298245614  
 0  0.15789473684210525  0.5296052631578947  0.08260233918128655  0.03508771929824561  
 0  0.1597222222222222  0.587171052631579  0.08333333333333333  0.03618421052631579  
 0  0.1611842105263158  0.6414473684210527  0.08187134502923976  0.03508771929824561  
 0  0.1615497076023392  0.6973684210526315  0.08260233918128655  0.03728070175438596  
 0  0.16228070175438597  0.7560307017543859  0.08260233918128655  0.03837719298245614  
 0  0.1615497076023392  0.8125  0.08114035087719298  0.03508771929824561  
