 0  0.11695906432748537  0.1025219298245614  0.08552631578947369  0.04057017543859649  
 0  0.1154970760233918  0.16611842105263158  0.08698830409356725  0.04057017543859649  
 0  0.4696637426900585  0.26864035087719296  0.11403508771929824  0.04824561403508772  
 0  0.1154970760233918  0.22697368421052633  0.08552631578947369  0.03728070175438596  
 0  0.1162280701754386  0.2878289473684211  0.08406432748538012  0.03618421052631579  
 0  0.47039473684210525  0.5948464912280702  0.11257309941520467  0.047149122807017545  
 0  0.4722222222222222  0.9106359649122807  0.10891812865497076  0.047149122807017545  
 0  0.11988304093567251  0.8119517543859649  0.07967836257309942  0.03618421052631579  
 0  0.11988304093567251  0.7538377192982456  0.08114035087719298  0.03837719298245614  
 0  0.11951754385964912  0.6962719298245614  0.08187134502923976  0.03728070175438596  
 0  0.11915204678362573  0.6408991228070176  0.08114035087719298  0.03837719298245614  
 0  0.11805555555555555  0.5866228070175439  0.08333333333333333  0.039473684210526314  
 0  0.11732456140350878  0.5285087719298246  0.08187134502923976  0.03728070175438596  
 0  0.11695906432748537  0.4692982456140351  0.08260233918128655  0.03728070175438596  
 0  0.11695906432748537  0.4106359649122807  0.08406432748538012  0.04057017543859649  
 0  0.11695906432748537  0.34868421052631576  0.08552631578947369  0.03728070175438596  
