 0  0.4692982456140351  0.26864035087719296  0.11330409356725146  0.046052631578947366  
 0  0.47076023391812866  0.5953947368421053  0.11038011695906433  0.04824561403508772  
 0  0.4722222222222222  0.9095394736842105  0.10891812865497076  0.044956140350877194  
 0  0.11951754385964912  0.8125  0.07894736842105263  0.03508771929824561  
 0  0.11915204678362573  0.7549342105263158  0.07821637426900585  0.03837719298245614  
 0  0.12024853801169591  0.6962719298245614  0.07894736842105263  0.03508771929824561  
 0  0.11878654970760234  0.6403508771929824  0.0804093567251462  0.03728070175438596  
 0  0.11842105263157894  0.5866228070175439  0.07967836257309942  0.03508771929824561  
 0  0.11732456140350878  0.5279605263157895  0.0804093567251462  0.03618421052631579  
 0  0.11732456140350878  0.47149122807017546  0.08333333333333333  0.039473684210526314  
 0  0.1162280701754386  0.4100877192982456  0.08260233918128655  0.039473684210526314  
 0  0.11659356725146199  0.3481359649122807  0.08187134502923976  0.03618421052631579  
 0  0.1154970760233918  0.2878289473684211  0.08552631578947369  0.04276315789473684  
 0  0.11513157894736842  0.2275219298245614  0.08333333333333333  0.03837719298245614  
 0  0.11586257309941521  0.16557017543859648  0.0847953216374269  0.041666666666666664  
 0  0.11695906432748537  0.10307017543859649  0.08552631578947369  0.041666666666666664  
