 0  0.47112573099415206  0.26864035087719296  0.1154970760233918  0.04824561403508772  
 0  0.47002923976608185  0.5942982456140351  0.1118421052631579  0.04824561403508772  
 0  0.47112573099415206  0.9095394736842105  0.1067251461988304  0.044956140350877194  
 0  0.11988304093567251  0.8125  0.07821637426900585  0.03728070175438596  
 0  0.11951754385964912  0.7549342105263158  0.07894736842105263  0.04057017543859649  
 0  0.11951754385964912  0.6957236842105263  0.08333333333333333  0.04057017543859649  
 0  0.11915204678362573  0.6414473684210527  0.08260233918128655  0.03508771929824561  
 0  0.11842105263157894  0.5860745614035088  0.08114035087719298  0.03837719298245614  
 0  0.11695906432748537  0.5285087719298246  0.08260233918128655  0.039473684210526314  
 0  0.11732456140350878  0.47039473684210525  0.0847953216374269  0.039473684210526314  
 0  0.11659356725146199  0.4106359649122807  0.0847953216374269  0.03837719298245614  
 0  0.11659356725146199  0.34978070175438597  0.08333333333333333  0.03728070175438596  
 0  0.11586257309941521  0.2878289473684211  0.08333333333333333  0.03837719298245614  
 0  0.11513157894736842  0.22807017543859648  0.08333333333333333  0.041666666666666664  
 0  0.11659356725146199  0.1650219298245614  0.0847953216374269  0.04276315789473684  
 0  0.11805555555555555  0.10307017543859649  0.0847953216374269  0.039473684210526314  
