 0  0.3399122807017544  0.07839912280701754  0.08406432748538012  0.04057017543859649  
 0  0.33808479532163743  0.13925438596491227  0.08625730994152046  0.041666666666666664  
 0  0.33771929824561403  0.20175438596491227  0.08406432748538012  0.041666666666666664  
 0  0.33808479532163743  0.26260964912280704  0.08333333333333333  0.03837719298245614  
 0  0.3366228070175439  0.32346491228070173  0.08333333333333333  0.03728070175438596  
 0  0.3355263157894737  0.3848684210526316  0.08406432748538012  0.03728070175438596  
 0  0.3355263157894737  0.4440789473684211  0.08260233918128655  0.039473684210526314  
 0  0.3336988304093567  0.5032894736842105  0.08187134502923976  0.039473684210526314  
 0  0.3344298245614035  0.5603070175438597  0.08333333333333333  0.039473684210526314  
 0  0.3340643274853801  0.6156798245614035  0.08406432748538012  0.03618421052631579  
 0  0.33296783625730997  0.6705043859649122  0.08333333333333333  0.03618421052631579  
 0  0.33260233918128657  0.7297149122807017  0.08260233918128655  0.03837719298245614  
 0  0.33150584795321636  0.787828947368421  0.08187134502923976  0.03837719298245614  
