 0  0.3399122807017544  0.07785087719298246  0.08552631578947369  0.03728070175438596  
 0  0.3391812865497076  0.13925438596491227  0.08406432748538012  0.041666666666666664  
 0  0.33735380116959063  0.20175438596491227  0.08333333333333333  0.039473684210526314  
 0  0.3369883040935672  0.2631578947368421  0.08406432748538012  0.039473684210526314  
 0  0.3369883040935672  0.32346491228070173  0.08114035087719298  0.039473684210526314  
 0  0.33516081871345027  0.3848684210526316  0.08333333333333333  0.039473684210526314  
 0  0.3355263157894737  0.4451754385964912  0.08260233918128655  0.039473684210526314  
 0  0.3347953216374269  0.5021929824561403  0.08114035087719298  0.03728070175438596  
 0  0.3344298245614035  0.5603070175438597  0.08333333333333333  0.03728070175438596  
 0  0.3340643274853801  0.6145833333333334  0.07967836257309942  0.03618421052631579  
 0  0.3333333333333333  0.6705043859649122  0.08114035087719298  0.03618421052631579  
 0  0.3333333333333333  0.7286184210526315  0.08114035087719298  0.03618421052631579  
 0  0.33187134502923976  0.7883771929824561  0.08114035087719298  0.03728070175438596  
