 0  0.5043859649122807  0.06633771929824561  0.10307017543859649  0.04276315789473684  
 0  0.5051169590643275  0.1425438596491228  0.10453216374269006  0.046052631578947366  
 0  0.5051169590643275  0.22039473684210525  0.10307017543859649  0.043859649122807015  
 0  0.5054824561403509  0.29714912280701755  0.1023391812865497  0.043859649122807015  
 0  0.506578947368421  0.37390350877192985  0.10307017543859649  0.043859649122807015  
 0  0.5058479532163743  0.45230263157894735  0.10307017543859649  0.04276315789473684  
 0  0.5069444444444444  0.5290570175438597  0.1023391812865497  0.047149122807017545  
 0  0.5069444444444444  0.6058114035087719  0.10380116959064327  0.044956140350877194  
 0  0.5058479532163743  0.6847587719298246  0.10160818713450293  0.04276315789473684  
 0  0.5073099415204678  0.7615131578947368  0.10307017543859649  0.044956140350877194  
 0  0.5073099415204678  0.8382675438596491  0.10160818713450293  0.044956140350877194  
 0  0.506578947368421  0.9144736842105263  0.10453216374269006  0.046052631578947366  
 0  0.5067616959064327  0.9828673245614035  0.10343567251461988  0.033717105263157895  
