 0  0.5040204678362573  0.06524122807017543  0.10380116959064327  0.04276315789473684  
 0  0.5047514619883041  0.14309210526315788  0.1023391812865497  0.044956140350877194  
 0  0.5051169590643275  0.21875  0.10307017543859649  0.04276315789473684  
 0  0.5058479532163743  0.29769736842105265  0.10599415204678363  0.044956140350877194  
 0  0.5058479532163743  0.375  0.10307017543859649  0.043859649122807015  
 0  0.5069444444444444  0.4517543859649123  0.10087719298245613  0.043859649122807015  
 0  0.5062134502923976  0.5285087719298246  0.10087719298245613  0.041666666666666664  
 0  0.5062134502923976  0.6047149122807017  0.1023391812865497  0.04276315789473684  
 0  0.5054824561403509  0.6836622807017544  0.1023391812865497  0.047149122807017545  
 0  0.5069444444444444  0.7604166666666666  0.10380116959064327  0.047149122807017545  
 0  0.5069444444444444  0.8382675438596491  0.10526315789473684  0.047149122807017545  
 0  0.5069444444444444  0.9150219298245614  0.10380116959064327  0.044956140350877194  
 0  0.5064875730994152  0.9834155701754386  0.10288742690058479  0.03262061403508772  
