 0  0.4192251461988304  0.015350877192982455  0.1023391812865497  0.02850877192982456  
 0  0.4195906432748538  0.08442982456140351  0.10453216374269006  0.043859649122807015  
 0  0.4195906432748538  0.1600877192982456  0.10307017543859649  0.043859649122807015  
 0  0.420687134502924  0.23958333333333334  0.1023391812865497  0.044956140350877194  
 0  0.42105263157894735  0.31469298245614036  0.10307017543859649  0.043859649122807015  
 0  0.4203216374269006  0.3930921052631579  0.10160818713450293  0.04276315789473684  
 0  0.42141812865497075  0.4692982456140351  0.09941520467836257  0.046052631578947366  
 0  0.4203216374269006  0.5466008771929824  0.10160818713450293  0.04276315789473684  
 0  0.4195906432748538  0.6222587719298246  0.10014619883040936  0.044956140350877194  
 0  0.4203216374269006  0.700109649122807  0.10599415204678363  0.044956140350877194  
 0  0.420687134502924  0.7757675438596491  0.10087719298245613  0.04276315789473684  
 0  0.420687134502924  0.8547149122807017  0.10380116959064327  0.044956140350877194  
 0  0.420687134502924  0.9314692982456141  0.10380116959064327  0.044956140350877194  
