 0  0.3505116959064328  0.015350877192982455  0.10380116959064327  0.03070175438596491  
 0  0.34978070175438597  0.08333333333333333  0.1067251461988304  0.046052631578947366  
 0  0.34868421052631576  0.1600877192982456  0.10453216374269006  0.046052631578947366  
 0  0.347953216374269  0.23739035087719298  0.10599415204678363  0.047149122807017545  
 0  0.3475877192982456  0.31524122807017546  0.1023391812865497  0.047149122807017545  
 0  0.3472222222222222  0.39035087719298245  0.10160818713450293  0.046052631578947366  
 0  0.34612573099415206  0.4692982456140351  0.1023391812865497  0.046052631578947366  
 0  0.34576023391812866  0.5444078947368421  0.10307017543859649  0.04276315789473684  
 0  0.34539473684210525  0.6222587719298246  0.10087719298245613  0.044956140350877194  
 0  0.34612573099415206  0.6973684210526315  0.1023391812865497  0.046052631578947366  
 0  0.34576023391812866  0.7763157894736842  0.10307017543859649  0.046052631578947366  
 0  0.3439327485380117  0.8519736842105263  0.10087719298245613  0.046052631578947366  
 0  0.3439327485380117  0.930921052631579  0.1023391812865497  0.05043859649122807  
