 0  0.3505116959064328  0.014802631578947368  0.10087719298245613  0.029605263157894735  
 0  0.35014619883040937  0.08223684210526316  0.10160818713450293  0.043859649122807015  
 0  0.34978070175438597  0.16063596491228072  0.10087719298245613  0.044956140350877194  
 0  0.347953216374269  0.23793859649122806  0.10453216374269006  0.04824561403508772  
 0  0.3472222222222222  0.31469298245614036  0.10160818713450293  0.046052631578947366  
 0  0.34649122807017546  0.3919956140350877  0.10453216374269006  0.049342105263157895  
 0  0.3468567251461988  0.4682017543859649  0.10087719298245613  0.046052631578947366  
 0  0.3472222222222222  0.5444078947368421  0.10160818713450293  0.047149122807017545  
 0  0.34539473684210525  0.6206140350877193  0.10526315789473684  0.04824561403508772  
 0  0.34539473684210525  0.6979166666666666  0.10380116959064327  0.044956140350877194  
 0  0.3442982456140351  0.7752192982456141  0.10160818713450293  0.046052631578947366  
 0  0.3439327485380117  0.8514254385964912  0.10526315789473684  0.049342105263157895  
 0  0.34247076023391815  0.9287280701754386  0.10380116959064327  0.04824561403508772  
