 0  0.5687134502923976  0.013157894736842105  0.10160818713450293  0.02412280701754386  
 0  0.5683479532163743  0.0805921052631579  0.1023391812865497  0.044956140350877194  
 0  0.5683479532163743  0.1600877192982456  0.10526315789473684  0.041666666666666664  
 0  0.5683479532163743  0.23574561403508773  0.1023391812865497  0.043859649122807015  
 0  0.5687134502923976  0.3119517543859649  0.10307017543859649  0.04276315789473684  
 0  0.569078947368421  0.39089912280701755  0.10380116959064327  0.044956140350877194  
 0  0.5694444444444444  0.46765350877192985  0.10307017543859649  0.04276315789473684  
 0  0.569078947368421  0.5449561403508771  0.10380116959064327  0.043859649122807015  
 0  0.5698099415204678  0.6228070175438597  0.1023391812865497  0.041666666666666664  
 0  0.5705409356725146  0.7006578947368421  0.1023391812865497  0.046052631578947366  
 0  0.5701754385964912  0.7785087719298246  0.10307017543859649  0.046052631578947366  
 0  0.5701754385964912  0.8547149122807017  0.10453216374269006  0.044956140350877194  
 0  0.5716374269005848  0.9303728070175439  0.10453216374269006  0.044956140350877194  
