 0  0.5672514619883041  0.01425438596491228  0.10307017543859649  0.02412280701754386  
 0  0.5672514619883041  0.0805921052631579  0.10160818713450293  0.04276315789473684  
 0  0.5683479532163743  0.15899122807017543  0.10087719298245613  0.043859649122807015  
 0  0.5679824561403509  0.23574561403508773  0.10307017543859649  0.043859649122807015  
 0  0.5683479532163743  0.31359649122807015  0.1023391812865497  0.041666666666666664  
 0  0.569078947368421  0.39144736842105265  0.1023391812865497  0.043859649122807015  
 0  0.569078947368421  0.4682017543859649  0.10380116959064327  0.043859649122807015  
 0  0.5694444444444444  0.5455043859649122  0.10453216374269006  0.044956140350877194  
 0  0.5705409356725146  0.6233552631578947  0.1023391812865497  0.044956140350877194  
 0  0.5698099415204678  0.700109649122807  0.10087719298245613  0.044956140350877194  
 0  0.5701754385964912  0.7768640350877193  0.10014619883040936  0.04276315789473684  
 0  0.5698099415204678  0.8536184210526315  0.10380116959064327  0.04276315789473684  
 0  0.570906432748538  0.9287280701754386  0.10160818713450293  0.039473684210526314  
