 0  0.5683479532163743  0.013706140350877192  0.1023391812865497  0.027412280701754384  
 0  0.5683479532163743  0.07949561403508772  0.1023391812865497  0.04276315789473684  
 0  0.5683479532163743  0.15844298245614036  0.10380116959064327  0.044956140350877194  
 0  0.5687134502923976  0.23519736842105263  0.10307017543859649  0.04057017543859649  
 0  0.5679824561403509  0.31414473684210525  0.10160818713450293  0.04276315789473684  
 0  0.5683479532163743  0.39035087719298245  0.1023391812865497  0.041666666666666664  
 0  0.5698099415204678  0.46875  0.1023391812865497  0.044956140350877194  
 0  0.5698099415204678  0.5449561403508771  0.10380116959064327  0.046052631578947366  
 0  0.5694444444444444  0.6228070175438597  0.10307017543859649  0.043859649122807015  
 0  0.5701754385964912  0.700109649122807  0.10307017543859649  0.044956140350877194  
 0  0.5701754385964912  0.7774122807017544  0.10160818713450293  0.041666666666666664  
 0  0.5694444444444444  0.8547149122807017  0.10307017543859649  0.044956140350877194  
 0  0.5701754385964912  0.9292763157894737  0.10160818713450293  0.04276315789473684  
