 0  0.5676169590643275  0.01425438596491228  0.10526315789473684  0.02412280701754386  
 0  0.5672514619883041  0.08168859649122807  0.10453216374269006  0.047149122807017545  
 0  0.5683479532163743  0.15734649122807018  0.10380116959064327  0.044956140350877194  
 0  0.5687134502923976  0.23574561403508773  0.10307017543859649  0.041666666666666664  
 0  0.5679824561403509  0.3130482456140351  0.10599415204678363  0.044956140350877194  
 0  0.569078947368421  0.38980263157894735  0.10380116959064327  0.047149122807017545  
 0  0.569078947368421  0.46765350877192985  0.10380116959064327  0.047149122807017545  
 0  0.5687134502923976  0.5449561403508771  0.10160818713450293  0.043859649122807015  
 0  0.5698099415204678  0.6239035087719298  0.1023391812865497  0.046052631578947366  
 0  0.5701754385964912  0.7006578947368421  0.10160818713450293  0.043859649122807015  
 0  0.5701754385964912  0.7779605263157895  0.10307017543859649  0.044956140350877194  
 0  0.5694444444444444  0.8547149122807017  0.10599415204678363  0.047149122807017545  
 0  0.5720029239766082  0.9292763157894737  0.10087719298245613  0.04276315789473684  
