 0  0.5679824561403509  0.014802631578947368  0.10307017543859649  0.027412280701754384  
 0  0.5687134502923976  0.0805921052631579  0.10307017543859649  0.044956140350877194  
 0  0.5679824561403509  0.15844298245614036  0.10599415204678363  0.047149122807017545  
 0  0.5672514619883041  0.23464912280701755  0.10453216374269006  0.043859649122807015  
 0  0.5687134502923976  0.3125  0.10453216374269006  0.046052631578947366  
 0  0.5687134502923976  0.39089912280701755  0.10307017543859649  0.04057017543859649  
 0  0.5694444444444444  0.4682017543859649  0.10307017543859649  0.046052631578947366  
 0  0.5694444444444444  0.5444078947368421  0.10014619883040936  0.047149122807017545  
 0  0.5698099415204678  0.6233552631578947  0.1023391812865497  0.044956140350877194  
 0  0.5705409356725146  0.700109649122807  0.10380116959064327  0.047149122807017545  
 0  0.5705409356725146  0.7779605263157895  0.1023391812865497  0.044956140350877194  
 0  0.5705409356725146  0.8536184210526315  0.10526315789473684  0.047149122807017545  
 0  0.5701754385964912  0.9298245614035088  0.10307017543859649  0.046052631578947366  
