 0  0.5679824561403509  0.013706140350877192  0.10160818713450293  0.027412280701754384  
 0  0.5679824561403509  0.08114035087719298  0.10453216374269006  0.043859649122807015  
 0  0.5676169590643275  0.15899122807017543  0.10380116959064327  0.046052631578947366  
 0  0.5683479532163743  0.23464912280701755  0.10380116959064327  0.046052631578947366  
 0  0.5683479532163743  0.31414473684210525  0.10087719298245613  0.044956140350877194  
 0  0.5679824561403509  0.39144736842105265  0.10307017543859649  0.046052631578947366  
 0  0.5701754385964912  0.46655701754385964  0.10307017543859649  0.04276315789473684  
 0  0.569078947368421  0.5444078947368421  0.1023391812865497  0.044956140350877194  
 0  0.5701754385964912  0.6228070175438597  0.10307017543859649  0.046052631578947366  
 0  0.5698099415204678  0.700109649122807  0.10087719298245613  0.044956140350877194  
 0  0.5683479532163743  0.7790570175438597  0.10087719298245613  0.044956140350877194  
 0  0.5705409356725146  0.8547149122807017  0.10526315789473684  0.047149122807017545  
 0  0.5705409356725146  0.9298245614035088  0.10526315789473684  0.046052631578947366  
