 0  0.5047514619883041  0.06578947368421052  0.10380116959064327  0.043859649122807015  
 0  0.5054824561403509  0.14309210526315788  0.10380116959064327  0.044956140350877194  
 0  0.5043859649122807  0.22039473684210525  0.10160818713450293  0.046052631578947366  
 0  0.506578947368421  0.29769736842105265  0.10307017543859649  0.04276315789473684  
 0  0.5054824561403509  0.37335526315789475  0.10087719298245613  0.04057017543859649  
 0  0.5054824561403509  0.4512061403508772  0.1023391812865497  0.044956140350877194  
 0  0.5062134502923976  0.5285087719298246  0.10380116959064327  0.046052631578947366  
 0  0.5073099415204678  0.6052631578947368  0.10307017543859649  0.046052631578947366  
 0  0.506578947368421  0.6847587719298246  0.10160818713450293  0.044956140350877194  
 0  0.5076754385964912  0.7609649122807017  0.10380116959064327  0.043859649122807015  
 0  0.5069444444444444  0.8388157894736842  0.1023391812865497  0.046052631578947366  
 0  0.5073099415204678  0.9144736842105263  0.10453216374269006  0.043859649122807015  
 0  0.5070358187134503  0.9828673245614035  0.10398391812865497  0.033717105263157895  
