 0  0.5051169590643275  0.06469298245614036  0.10453216374269006  0.041666666666666664  
 0  0.5051169590643275  0.14199561403508773  0.10160818713450293  0.044956140350877194  
 0  0.506578947368421  0.21929824561403508  0.10453216374269006  0.043859649122807015  
 0  0.5062134502923976  0.29605263157894735  0.1023391812865497  0.043859649122807015  
 0  0.5062134502923976  0.3744517543859649  0.10526315789473684  0.044956140350877194  
 0  0.5069444444444444  0.4517543859649123  0.10380116959064327  0.046052631578947366  
 0  0.506578947368421  0.5290570175438597  0.10307017543859649  0.044956140350877194  
 0  0.506578947368421  0.6069078947368421  0.10160818713450293  0.04276315789473684  
 0  0.5069444444444444  0.6842105263157895  0.1023391812865497  0.043859649122807015  
 0  0.5073099415204678  0.7609649122807017  0.10307017543859649  0.046052631578947366  
 0  0.5080409356725146  0.8382675438596491  0.10307017543859649  0.044956140350877194  
 0  0.5080409356725146  0.912828947368421  0.10307017543859649  0.047149122807017545  
 0  0.5058479532163743  0.9839638157894737  0.10307017543859649  0.031524122807017545  
