 0  0.5047514619883041  0.06524122807017543  0.10087719298245613  0.04276315789473684  
 0  0.506578947368421  0.14309210526315788  0.10453216374269006  0.047149122807017545  
 0  0.5054824561403509  0.22094298245614036  0.10380116959064327  0.04276315789473684  
 0  0.5058479532163743  0.29769736842105265  0.10160818713450293  0.044956140350877194  
 0  0.5062134502923976  0.375  0.1023391812865497  0.043859649122807015  
 0  0.5058479532163743  0.4517543859649123  0.10307017543859649  0.041666666666666664  
 0  0.5062134502923976  0.5290570175438597  0.1023391812865497  0.047149122807017545  
 0  0.5069444444444444  0.6058114035087719  0.10087719298245613  0.04276315789473684  
 0  0.5069444444444444  0.6847587719298246  0.1023391812865497  0.04276315789473684  
 0  0.5058479532163743  0.7620614035087719  0.10160818713450293  0.046052631578947366  
 0  0.506578947368421  0.8382675438596491  0.10307017543859649  0.047149122807017545  
 0  0.5069444444444444  0.9161184210526315  0.1023391812865497  0.044956140350877194  
 0  0.5070358187134503  0.9828673245614035  0.10105994152046784  0.033717105263157895  
