 0  0.5043859649122807  0.06578947368421052  0.10307017543859649  0.043859649122807015  
 0  0.5058479532163743  0.14309210526315788  0.10453216374269006  0.04276315789473684  
 0  0.5051169590643275  0.21984649122807018  0.10307017543859649  0.044956140350877194  
 0  0.5054824561403509  0.29660087719298245  0.1023391812865497  0.04276315789473684  
 0  0.5069444444444444  0.3755482456140351  0.1023391812865497  0.044956140350877194  
 0  0.5054824561403509  0.45230263157894735  0.10380116959064327  0.047149122807017545  
 0  0.506578947368421  0.5290570175438597  0.10307017543859649  0.047149122807017545  
 0  0.506578947368421  0.6058114035087719  0.10453216374269006  0.044956140350877194  
 0  0.5073099415204678  0.6847587719298246  0.10160818713450293  0.047149122807017545  
 0  0.5073099415204678  0.7598684210526315  0.10307017543859649  0.046052631578947366  
 0  0.5069444444444444  0.8388157894736842  0.10380116959064327  0.046052631578947366  
 0  0.5054824561403509  0.9155701754385965  0.10380116959064327  0.046052631578947366  
 0  0.5075840643274854  0.9823190789473685  0.10361842105263158  0.03481359649122807  
