 0  0.5047514619883041  0.06469298245614036  0.1023391812865497  0.043859649122807015  
 0  0.5043859649122807  0.1425438596491228  0.10307017543859649  0.043859649122807015  
 0  0.5054824561403509  0.21929824561403508  0.1023391812865497  0.039473684210526314  
 0  0.5062134502923976  0.29714912280701755  0.10087719298245613  0.041666666666666664  
 0  0.5058479532163743  0.37390350877192985  0.10453216374269006  0.041666666666666664  
 0  0.5062134502923976  0.4512061403508772  0.10087719298245613  0.04276315789473684  
 0  0.5062134502923976  0.5290570175438597  0.1023391812865497  0.04276315789473684  
 0  0.5069444444444444  0.6058114035087719  0.1023391812865497  0.04276315789473684  
 0  0.5073099415204678  0.6842105263157895  0.10307017543859649  0.043859649122807015  
 0  0.5073099415204678  0.7604166666666666  0.10160818713450293  0.044956140350877194  
 0  0.5080409356725146  0.8377192982456141  0.10307017543859649  0.046052631578947366  
 0  0.5069444444444444  0.9144736842105263  0.10526315789473684  0.041666666666666664  
 0  0.5059393274853801  0.9823190789473685  0.10032894736842106  0.03481359649122807  
