 0  0.5062134502923976  0.06524122807017543  0.10526315789473684  0.044956140350877194  
 0  0.5058479532163743  0.14418859649122806  0.10453216374269006  0.044956140350877194  
 0  0.5054824561403509  0.21984649122807018  0.10380116959064327  0.044956140350877194  
 0  0.5054824561403509  0.29605263157894735  0.1023391812865497  0.043859649122807015  
 0  0.506578947368421  0.37390350877192985  0.10160818713450293  0.046052631578947366  
 0  0.5054824561403509  0.45339912280701755  0.09941520467836257  0.044956140350877194  
 0  0.506578947368421  0.5285087719298246  0.10307017543859649  0.043859649122807015  
 0  0.506578947368421  0.6069078947368421  0.10160818713450293  0.044956140350877194  
 0  0.506578947368421  0.6847587719298246  0.10307017543859649  0.044956140350877194  
 0  0.506578947368421  0.7620614035087719  0.10160818713450293  0.046052631578947366  
 0  0.5069444444444444  0.8388157894736842  0.1023391812865497  0.046052631578947366  
 0  0.5069444444444444  0.9150219298245614  0.10380116959064327  0.044956140350877194  
 0  0.5063961988304093  0.9828673245614035  0.10416666666666667  0.033717105263157895  
