 0  0.5047514619883041  0.06414473684210527  0.10526315789473684  0.04276315789473684  
 0  0.5058479532163743  0.14199561403508773  0.10307017543859649  0.044956140350877194  
 0  0.5058479532163743  0.22094298245614036  0.10453216374269006  0.047149122807017545  
 0  0.5062134502923976  0.2949561403508772  0.10380116959064327  0.041666666666666664  
 0  0.5058479532163743  0.375  0.10307017543859649  0.043859649122807015  
 0  0.5058479532163743  0.45285087719298245  0.10453216374269006  0.046052631578947366  
 0  0.5069444444444444  0.5285087719298246  0.1023391812865497  0.043859649122807015  
 0  0.5069444444444444  0.6058114035087719  0.10380116959064327  0.044956140350877194  
 0  0.5080409356725146  0.6842105263157895  0.10453216374269006  0.043859649122807015  
 0  0.506578947368421  0.7615131578947368  0.10453216374269006  0.04276315789473684  
 0  0.5076754385964912  0.8366228070175439  0.10380116959064327  0.041666666666666664  
 0  0.5076754385964912  0.9155701754385965  0.1023391812865497  0.043859649122807015  
 0  0.5075840643274854  0.9834155701754386  0.10215643274853801  0.03262061403508772  
