 0  0.5058479532163743  0.06524122807017543  0.10599415204678363  0.049342105263157895  
 0  0.5058479532163743  0.14199561403508773  0.10599415204678363  0.04057017543859649  
 0  0.506578947368421  0.21984649122807018  0.10307017543859649  0.04276315789473684  
 0  0.5062134502923976  0.29660087719298245  0.1023391812865497  0.04276315789473684  
 0  0.5058479532163743  0.37390350877192985  0.10453216374269006  0.043859649122807015  
 0  0.506578947368421  0.4512061403508772  0.10307017543859649  0.04276315789473684  
 0  0.5062134502923976  0.5290570175438597  0.1023391812865497  0.04276315789473684  
 0  0.506578947368421  0.6052631578947368  0.10307017543859649  0.043859649122807015  
 0  0.506578947368421  0.6825657894736842  0.10453216374269006  0.044956140350877194  
 0  0.5069444444444444  0.7604166666666666  0.10526315789473684  0.049342105263157895  
 0  0.5073099415204678  0.8382675438596491  0.10453216374269006  0.04276315789473684  
 0  0.5076754385964912  0.9139254385964912  0.10087719298245613  0.044956140350877194  
 0  0.5058479532163743  0.9828673245614035  0.10453216374269006  0.033717105263157895  
