 0  0.5054824561403509  0.06359649122807018  0.1023391812865497  0.043859649122807015  
 0  0.5051169590643275  0.14199561403508773  0.10453216374269006  0.047149122807017545  
 0  0.5058479532163743  0.21984649122807018  0.10453216374269006  0.04276315789473684  
 0  0.5062134502923976  0.29769736842105265  0.10526315789473684  0.044956140350877194  
 0  0.5062134502923976  0.3744517543859649  0.10380116959064327  0.047149122807017545  
 0  0.5076754385964912  0.45285087719298245  0.10380116959064327  0.043859649122807015  
 0  0.5062134502923976  0.5285087719298246  0.1023391812865497  0.043859649122807015  
 0  0.506578947368421  0.606359649122807  0.10307017543859649  0.046052631578947366  
 0  0.5058479532163743  0.6836622807017544  0.10453216374269006  0.044956140350877194  
 0  0.5069444444444444  0.762609649122807  0.1023391812865497  0.044956140350877194  
 0  0.506578947368421  0.8382675438596491  0.10307017543859649  0.044956140350877194  
 0  0.5058479532163743  0.9139254385964912  0.10307017543859649  0.04276315789473684  
 0  0.5075840643274854  0.9823190789473685  0.10508040935672515  0.03481359649122807  
