 0  0.5058479532163743  0.06469298245614036  0.10307017543859649  0.043859649122807015  
 0  0.5051169590643275  0.1425438596491228  0.10307017543859649  0.043859649122807015  
 0  0.506578947368421  0.21875  0.10160818713450293  0.04276315789473684  
 0  0.5054824561403509  0.29605263157894735  0.10380116959064327  0.041666666666666664  
 0  0.5051169590643275  0.3755482456140351  0.10307017543859649  0.044956140350877194  
 0  0.5062134502923976  0.45230263157894735  0.1023391812865497  0.044956140350877194  
 0  0.5062134502923976  0.5290570175438597  0.1023391812865497  0.044956140350877194  
 0  0.5062134502923976  0.6058114035087719  0.1023391812865497  0.044956140350877194  
 0  0.5069444444444444  0.6847587719298246  0.10526315789473684  0.047149122807017545  
 0  0.5076754385964912  0.7604166666666666  0.10380116959064327  0.04276315789473684  
 0  0.5058479532163743  0.8388157894736842  0.10307017543859649  0.043859649122807015  
 0  0.5073099415204678  0.9150219298245614  0.10307017543859649  0.044956140350877194  
 0  0.5071271929824561  0.9834155701754386  0.1027046783625731  0.03262061403508772  
