 0  0.5043859649122807  0.06524122807017543  0.10307017543859649  0.04276315789473684  
 0  0.5054824561403509  0.14199561403508773  0.10380116959064327  0.044956140350877194  
 0  0.5054824561403509  0.22094298245614036  0.1023391812865497  0.04276315789473684  
 0  0.5058479532163743  0.29714912280701755  0.10307017543859649  0.043859649122807015  
 0  0.5069444444444444  0.3744517543859649  0.10087719298245613  0.047149122807017545  
 0  0.5062134502923976  0.45230263157894735  0.10087719298245613  0.047149122807017545  
 0  0.506578947368421  0.5296052631578947  0.10307017543859649  0.046052631578947366  
 0  0.5058479532163743  0.606359649122807  0.10014619883040936  0.043859649122807015  
 0  0.5073099415204678  0.6864035087719298  0.10307017543859649  0.046052631578947366  
 0  0.5069444444444444  0.7615131578947368  0.1023391812865497  0.044956140350877194  
 0  0.5069444444444444  0.8377192982456141  0.1023391812865497  0.046052631578947366  
 0  0.5069444444444444  0.9150219298245614  0.10380116959064327  0.044956140350877194  
 0  0.5077668128654971  0.9828673245614035  0.10105994152046784  0.033717105263157895  
