 0  0.5047514619883041  0.06524122807017543  0.1023391812865497  0.04276315789473684  
 0  0.5054824561403509  0.14309210526315788  0.10526315789473684  0.044956140350877194  
 0  0.5058479532163743  0.22149122807017543  0.10160818713450293  0.043859649122807015  
 0  0.5058479532163743  0.29660087719298245  0.10307017543859649  0.04276315789473684  
 0  0.506578947368421  0.37390350877192985  0.10160818713450293  0.046052631578947366  
 0  0.5069444444444444  0.45285087719298245  0.1023391812865497  0.046052631578947366  
 0  0.5062134502923976  0.5296052631578947  0.10380116959064327  0.043859649122807015  
 0  0.5069444444444444  0.6052631578947368  0.10380116959064327  0.041666666666666664  
 0  0.5069444444444444  0.6842105263157895  0.10380116959064327  0.046052631578947366  
 0  0.5080409356725146  0.7604166666666666  0.10307017543859649  0.044956140350877194  
 0  0.508406432748538  0.8377192982456141  0.10380116959064327  0.04824561403508772  
 0  0.5073099415204678  0.9144736842105263  0.10160818713450293  0.046052631578947366  
