 0  0.5058479532163743  0.06469298245614036  0.10453216374269006  0.043859649122807015  
 0  0.506578947368421  0.1425438596491228  0.10307017543859649  0.04824561403508772  
 0  0.5054824561403509  0.21984649122807018  0.1023391812865497  0.04276315789473684  
 0  0.5058479532163743  0.2955043859649123  0.10307017543859649  0.04057017543859649  
 0  0.5062134502923976  0.37280701754385964  0.10380116959064327  0.043859649122807015  
 0  0.5058479532163743  0.4512061403508772  0.10160818713450293  0.044956140350877194  
 0  0.5062134502923976  0.5290570175438597  0.1023391812865497  0.04276315789473684  
 0  0.5054824561403509  0.6058114035087719  0.1023391812865497  0.04276315789473684  
 0  0.5073099415204678  0.6831140350877193  0.10307017543859649  0.043859649122807015  
 0  0.5073099415204678  0.7609649122807017  0.10014619883040936  0.046052631578947366  
 0  0.5069444444444444  0.8388157894736842  0.1023391812865497  0.043859649122807015  
 0  0.5062134502923976  0.9150219298245614  0.1023391812865497  0.04276315789473684  
 0  0.507218567251462  0.9839638157894737  0.10288742690058479  0.031524122807017545  
