 0  0.5047514619883041  0.06524122807017543  0.10380116959064327  0.04276315789473684  
 0  0.5051169590643275  0.14199561403508773  0.10307017543859649  0.04276315789473684  
 0  0.5051169590643275  0.22094298245614036  0.10160818713450293  0.04276315789473684  
 0  0.5047514619883041  0.29660087719298245  0.10087719298245613  0.04057017543859649  
 0  0.506578947368421  0.375  0.10453216374269006  0.043859649122807015  
 0  0.5058479532163743  0.4517543859649123  0.10307017543859649  0.039473684210526314  
 0  0.506578947368421  0.5279605263157895  0.10307017543859649  0.044956140350877194  
 0  0.5076754385964912  0.6052631578947368  0.1023391812865497  0.04824561403508772  
 0  0.5076754385964912  0.6853070175438597  0.10380116959064327  0.046052631578947366  
 0  0.5076754385964912  0.7604166666666666  0.10087719298245613  0.044956140350877194  
 0  0.5062134502923976  0.8382675438596491  0.10380116959064327  0.04276315789473684  
 0  0.5069444444444444  0.9150219298245614  0.10087719298245613  0.044956140350877194  
 0  0.5071271929824561  0.9834155701754386  0.1027046783625731  0.03262061403508772  
