 0  0.5043859649122807  0.06524122807017543  0.10307017543859649  0.04276315789473684  
 0  0.5058479532163743  0.1425438596491228  0.10307017543859649  0.046052631578947366  
 0  0.5058479532163743  0.21875  0.10307017543859649  0.044956140350877194  
 0  0.5054824561403509  0.29605263157894735  0.1067251461988304  0.043859649122807015  
 0  0.5062134502923976  0.375  0.10526315789473684  0.04824561403508772  
 0  0.506578947368421  0.4517543859649123  0.10307017543859649  0.046052631578947366  
 0  0.5073099415204678  0.5279605263157895  0.10453216374269006  0.047149122807017545  
 0  0.5076754385964912  0.6047149122807017  0.10380116959064327  0.047149122807017545  
 0  0.506578947368421  0.6842105263157895  0.10307017543859649  0.04824561403508772  
 0  0.5069444444444444  0.7598684210526315  0.10526315789473684  0.05043859649122807  
 0  0.5073099415204678  0.8382675438596491  0.10453216374269006  0.047149122807017545  
 0  0.5076754385964912  0.912828947368421  0.10526315789473684  0.047149122807017545  
 0  0.5080409356725146  0.9823190789473685  0.10307017543859649  0.03481359649122807  
