 0  0.5054824561403509  0.06578947368421052  0.10380116959064327  0.043859649122807015  
 0  0.5058479532163743  0.14089912280701755  0.10307017543859649  0.04057017543859649  
 0  0.5058479532163743  0.22039473684210525  0.10307017543859649  0.041666666666666664  
 0  0.5054824561403509  0.29660087719298245  0.1023391812865497  0.044956140350877194  
 0  0.5062134502923976  0.375  0.10380116959064327  0.043859649122807015  
 0  0.506578947368421  0.4517543859649123  0.10307017543859649  0.046052631578947366  
 0  0.5058479532163743  0.5285087719298246  0.10453216374269006  0.043859649122807015  
 0  0.506578947368421  0.6058114035087719  0.10307017543859649  0.047149122807017545  
 0  0.506578947368421  0.6836622807017544  0.10453216374269006  0.049342105263157895  
 0  0.5069444444444444  0.7609649122807017  0.10380116959064327  0.04824561403508772  
 0  0.5069444444444444  0.8388157894736842  0.10380116959064327  0.046052631578947366  
 0  0.5069444444444444  0.9133771929824561  0.10380116959064327  0.04824561403508772  
 0  0.507218567251462  0.9828673245614035  0.10434941520467836  0.033717105263157895  
