 0  0.5043859649122807  0.06469298245614036  0.10307017543859649  0.041666666666666664  
 0  0.5032894736842105  0.14089912280701755  0.10087719298245613  0.04276315789473684  
 0  0.5058479532163743  0.21929824561403508  0.10307017543859649  0.041666666666666664  
 0  0.5062134502923976  0.29660087719298245  0.1023391812865497  0.04057017543859649  
 0  0.5051169590643275  0.37609649122807015  0.10307017543859649  0.043859649122807015  
 0  0.5062134502923976  0.4512061403508772  0.1023391812865497  0.04276315789473684  
 0  0.506578947368421  0.5285087719298246  0.10160818713450293  0.043859649122807015  
 0  0.5062134502923976  0.6052631578947368  0.1023391812865497  0.046052631578947366  
 0  0.5062134502923976  0.6847587719298246  0.10087719298245613  0.044956140350877194  
 0  0.5069444444444444  0.7615131578947368  0.10380116959064327  0.044956140350877194  
 0  0.5062134502923976  0.8382675438596491  0.1023391812865497  0.047149122807017545  
 0  0.5076754385964912  0.9139254385964912  0.10380116959064327  0.04276315789473684  
 0  0.5071271929824561  0.9839638157894737  0.10562865497076024  0.031524122807017545  
