 0  0.5036549707602339  0.06469298245614036  0.10307017543859649  0.043859649122807015  
 0  0.5040204678362573  0.14144736842105263  0.10526315789473684  0.043859649122807015  
 0  0.5058479532163743  0.22039473684210525  0.10307017543859649  0.041666666666666664  
 0  0.5058479532163743  0.29769736842105265  0.10307017543859649  0.047149122807017545  
 0  0.5054824561403509  0.3744517543859649  0.10380116959064327  0.044956140350877194  
 0  0.5054824561403509  0.45285087719298245  0.10380116959064327  0.046052631578947366  
 0  0.5062134502923976  0.5290570175438597  0.10526315789473684  0.044956140350877194  
 0  0.5076754385964912  0.606359649122807  0.10087719298245613  0.046052631578947366  
 0  0.506578947368421  0.6831140350877193  0.10307017543859649  0.043859649122807015  
 0  0.5054824561403509  0.7604166666666666  0.10380116959064327  0.04276315789473684  
 0  0.5073099415204678  0.837171052631579  0.10160818713450293  0.04276315789473684  
 0  0.5073099415204678  0.9155701754385965  0.10307017543859649  0.046052631578947366  
 0  0.5075840643274854  0.9839638157894737  0.10361842105263158  0.031524122807017545  
