 0  0.5062134502923976  0.06469298245614036  0.10380116959064327  0.043859649122807015  
 0  0.5054824561403509  0.14144736842105263  0.10380116959064327  0.04824561403508772  
 0  0.5054824561403509  0.21984649122807018  0.10380116959064327  0.047149122807017545  
 0  0.5062134502923976  0.2955043859649123  0.1023391812865497  0.04276315789473684  
 0  0.5058479532163743  0.3744517543859649  0.10160818713450293  0.047149122807017545  
 0  0.5062134502923976  0.45230263157894735  0.10380116959064327  0.047149122807017545  
 0  0.5069444444444444  0.5279605263157895  0.10380116959064327  0.044956140350877194  
 0  0.506578947368421  0.6052631578947368  0.10307017543859649  0.043859649122807015  
 0  0.5058479532163743  0.6836622807017544  0.10307017543859649  0.044956140350877194  
 0  0.5069444444444444  0.7615131578947368  0.1023391812865497  0.04276315789473684  
 0  0.5069444444444444  0.837171052631579  0.10087719298245613  0.04276315789473684  
 0  0.5069444444444444  0.9155701754385965  0.1023391812865497  0.043859649122807015  
 0  0.508406432748538  0.9835526315789473  0.1023391812865497  0.03070175438596491  
