 0  0.5051169590643275  0.06469298245614036  0.10453216374269006  0.043859649122807015  
 0  0.5054824561403509  0.14089912280701755  0.10526315789473684  0.044956140350877194  
 0  0.5051169590643275  0.21984649122807018  0.10453216374269006  0.04276315789473684  
 0  0.5062134502923976  0.29660087719298245  0.1023391812865497  0.04276315789473684  
 0  0.5062134502923976  0.37390350877192985  0.1023391812865497  0.041666666666666664  
 0  0.5058479532163743  0.45230263157894735  0.10307017543859649  0.04276315789473684  
 0  0.5054824561403509  0.5285087719298246  0.10380116959064327  0.043859649122807015  
 0  0.5073099415204678  0.6041666666666666  0.10160818713450293  0.043859649122807015  
 0  0.5073099415204678  0.6831140350877193  0.10599415204678363  0.04824561403508772  
 0  0.5069444444444444  0.7620614035087719  0.10380116959064327  0.046052631578947366  
 0  0.5062134502923976  0.8382675438596491  0.10380116959064327  0.044956140350877194  
 0  0.5073099415204678  0.9150219298245614  0.10307017543859649  0.044956140350877194  
 0  0.5078581871345029  0.9828673245614035  0.10416666666666667  0.033717105263157895  
