 0  0.5047514619883041  0.06524122807017543  0.10380116959064327  0.04276315789473684  
 0  0.5058479532163743  0.14144736842105263  0.10160818713450293  0.041666666666666664  
 0  0.5054824561403509  0.22039473684210525  0.1023391812865497  0.041666666666666664  
 0  0.506578947368421  0.2955043859649123  0.10307017543859649  0.04057017543859649  
 0  0.5054824561403509  0.3744517543859649  0.10380116959064327  0.04276315789473684  
 0  0.506578947368421  0.45230263157894735  0.10160818713450293  0.044956140350877194  
 0  0.5058479532163743  0.5290570175438597  0.10307017543859649  0.044956140350877194  
 0  0.5058479532163743  0.6052631578947368  0.10307017543859649  0.041666666666666664  
 0  0.5069444444444444  0.6831140350877193  0.10380116959064327  0.043859649122807015  
 0  0.5069444444444444  0.7609649122807017  0.1023391812865497  0.043859649122807015  
 0  0.5073099415204678  0.8382675438596491  0.10307017543859649  0.04276315789473684  
 0  0.5076754385964912  0.9150219298245614  0.10380116959064327  0.047149122807017545  
 0  0.5076754385964912  0.9819078947368421  0.10380116959064327  0.029605263157894735  
