 0  0.5047514619883041  0.06524122807017543  0.10380116959064327  0.044956140350877194  
 0  0.5047514619883041  0.14309210526315788  0.10526315789473684  0.044956140350877194  
 0  0.5062134502923976  0.22039473684210525  0.10526315789473684  0.043859649122807015  
 0  0.5051169590643275  0.29769736842105265  0.10453216374269006  0.044956140350877194  
 0  0.5054824561403509  0.375  0.1067251461988304  0.046052631578947366  
 0  0.5069444444444444  0.4517543859649123  0.1067251461988304  0.046052631578947366  
 0  0.5062134502923976  0.5285087719298246  0.1023391812865497  0.041666666666666664  
 0  0.506578947368421  0.6058114035087719  0.10307017543859649  0.044956140350877194  
 0  0.5069444444444444  0.6842105263157895  0.10380116959064327  0.046052631578947366  
 0  0.5058479532163743  0.7615131578947368  0.10453216374269006  0.047149122807017545  
 0  0.5069444444444444  0.837171052631579  0.10087719298245613  0.047149122807017545  
 0  0.5069444444444444  0.9150219298245614  0.1023391812865497  0.047149122807017545  
 0  0.5075840643274854  0.9828673245614035  0.10361842105263158  0.033717105263157895  
