 0  0.5040204678362573  0.06524122807017543  0.10087719298245613  0.04276315789473684  
 0  0.5047514619883041  0.14199561403508773  0.10380116959064327  0.044956140350877194  
 0  0.5051169590643275  0.21929824561403508  0.10307017543859649  0.041666666666666664  
 0  0.5058479532163743  0.29660087719298245  0.10160818713450293  0.04276315789473684  
 0  0.5058479532163743  0.3755482456140351  0.10453216374269006  0.044956140350877194  
 0  0.5058479532163743  0.45285087719298245  0.10307017543859649  0.043859649122807015  
 0  0.5058479532163743  0.5290570175438597  0.10453216374269006  0.04276315789473684  
 0  0.506578947368421  0.6069078947368421  0.10160818713450293  0.047149122807017545  
 0  0.5062134502923976  0.6836622807017544  0.1023391812865497  0.047149122807017545  
 0  0.506578947368421  0.7604166666666666  0.10453216374269006  0.047149122807017545  
 0  0.5080409356725146  0.8388157894736842  0.10160818713450293  0.046052631578947366  
 0  0.5073099415204678  0.9150219298245614  0.10307017543859649  0.044956140350877194  
 0  0.5074926900584795  0.9823190789473685  0.10051169590643275  0.03481359649122807  
