 0  0.5051169590643275  0.06578947368421052  0.10307017543859649  0.043859649122807015  
 0  0.5054824561403509  0.1425438596491228  0.1023391812865497  0.046052631578947366  
 0  0.5062134502923976  0.22039473684210525  0.10526315789473684  0.046052631578947366  
 0  0.5058479532163743  0.29660087719298245  0.10307017543859649  0.04276315789473684  
 0  0.5058479532163743  0.3755482456140351  0.10599415204678363  0.04276315789473684  
 0  0.5062134502923976  0.45339912280701755  0.10380116959064327  0.047149122807017545  
 0  0.5062134502923976  0.5290570175438597  0.10087719298245613  0.044956140350877194  
 0  0.506578947368421  0.6047149122807017  0.10307017543859649  0.044956140350877194  
 0  0.5058479532163743  0.6842105263157895  0.10160818713450293  0.041666666666666664  
 0  0.5069444444444444  0.7615131578947368  0.10380116959064327  0.047149122807017545  
 0  0.5080409356725146  0.8393640350877193  0.10453216374269006  0.047149122807017545  
 0  0.506578947368421  0.9139254385964912  0.10160818713450293  0.04057017543859649  
 0  0.5085891812865497  0.9828673245614035  0.10416666666666667  0.033717105263157895  
