 0  0.5047514619883041  0.06633771929824561  0.10380116959064327  0.044956140350877194  
 0  0.5054824561403509  0.1425438596491228  0.10526315789473684  0.04824561403508772  
 0  0.506578947368421  0.22094298245614036  0.10599415204678363  0.044956140350877194  
 0  0.5062134502923976  0.29714912280701755  0.1023391812865497  0.043859649122807015  
 0  0.5054824561403509  0.3755482456140351  0.1023391812865497  0.047149122807017545  
 0  0.5073099415204678  0.4517543859649123  0.10307017543859649  0.046052631578947366  
 0  0.5062134502923976  0.5290570175438597  0.10380116959064327  0.044956140350877194  
 0  0.5062134502923976  0.6052631578947368  0.10380116959064327  0.04824561403508772  
 0  0.5080409356725146  0.6836622807017544  0.10307017543859649  0.047149122807017545  
 0  0.5073099415204678  0.7615131578947368  0.10160818713450293  0.047149122807017545  
 0  0.5076754385964912  0.8382675438596491  0.10380116959064327  0.047149122807017545  
 0  0.5069444444444444  0.9144736842105263  0.1023391812865497  0.046052631578947366  
 0  0.5074013157894737  0.9839638157894737  0.10179093567251463  0.031524122807017545  
