 0  0.5040204678362573  0.06578947368421052  0.10380116959064327  0.046052631578947366  
 0  0.5051169590643275  0.14309210526315788  0.10453216374269006  0.047149122807017545  
 0  0.5051169590643275  0.22039473684210525  0.10453216374269006  0.046052631578947366  
 0  0.506578947368421  0.29605263157894735  0.10160818713450293  0.046052631578947366  
 0  0.5058479532163743  0.37609649122807015  0.10599415204678363  0.04824561403508772  
 0  0.506578947368421  0.45285087719298245  0.10307017543859649  0.046052631578947366  
 0  0.506578947368421  0.5301535087719298  0.10307017543859649  0.044956140350877194  
 0  0.5069444444444444  0.6058114035087719  0.1023391812865497  0.044956140350877194  
 0  0.506578947368421  0.6836622807017544  0.10453216374269006  0.047149122807017545  
 0  0.506578947368421  0.7609649122807017  0.10453216374269006  0.043859649122807015  
 0  0.5069444444444444  0.8393640350877193  0.1023391812865497  0.047149122807017545  
 0  0.5076754385964912  0.9155701754385965  0.1023391812865497  0.046052631578947366  
 0  0.5074013157894737  0.9828673245614035  0.10032894736842106  0.033717105263157895  
