 0  0.2324561403508772  0.012609649122807017  0.10160818713450293  0.025219298245614034  
 0  0.23318713450292397  0.08278508771929824  0.10014619883040936  0.044956140350877194  
 0  0.2320906432748538  0.15899122807017543  0.10380116959064327  0.046052631578947366  
 0  0.2324561403508772  0.2362938596491228  0.10160818713450293  0.044956140350877194  
 0  0.23318713450292397  0.31359649122807015  0.10160818713450293  0.046052631578947366  
 0  0.23391812865497075  0.39089912280701755  0.10160818713450293  0.04276315789473684  
 0  0.2328216374269006  0.46600877192982454  0.1023391812865497  0.046052631578947366  
 0  0.23318713450292397  0.543859649122807  0.10014619883040936  0.043859649122807015  
 0  0.23355263157894737  0.6200657894736842  0.09941520467836257  0.044956140350877194  
 0  0.23318713450292397  0.6979166666666666  0.10160818713450293  0.047149122807017545  
 0  0.5113304093567251  0.27905701754385964  0.14619883040935672  0.06469298245614036  
 0  0.5095029239766082  0.7083333333333334  0.14546783625730994  0.06798245614035088  
 0  0.23428362573099415  0.7735745614035088  0.10087719298245613  0.047149122807017545  
 0  0.23464912280701755  0.8492324561403509  0.10160818713450293  0.047149122807017545  
 0  0.23464912280701755  0.9243421052631579  0.10160818713450293  0.043859649122807015  
