 0  0.5116959064327485  0.27960526315789475  0.1425438596491228  0.06578947368421052  
 0  0.5098684210526315  0.7083333333333334  0.14181286549707603  0.06359649122807018  
 0  0.2328216374269006  0.015350877192982455  0.10087719298245613  0.02850877192982456  
 0  0.23355263157894737  0.08168859649122807  0.10087719298245613  0.044956140350877194  
 0  0.23318713450292397  0.1600877192982456  0.10160818713450293  0.046052631578947366  
 0  0.2324561403508772  0.23574561403508773  0.10160818713450293  0.043859649122807015  
 0  0.23318713450292397  0.31414473684210525  0.10160818713450293  0.044956140350877194  
 0  0.23391812865497075  0.39144736842105265  0.10160818713450293  0.041666666666666664  
 0  0.23355263157894737  0.46765350877192985  0.10087719298245613  0.044956140350877194  
 0  0.23355263157894737  0.5444078947368421  0.1023391812865497  0.047149122807017545  
 0  0.23355263157894737  0.6200657894736842  0.1023391812865497  0.047149122807017545  
 0  0.23318713450292397  0.6984649122807017  0.10307017543859649  0.046052631578947366  
 0  0.23501461988304093  0.7730263157894737  0.1023391812865497  0.04824561403508772  
 0  0.23428362573099415  0.8486842105263158  0.10087719298245613  0.046052631578947366  
 0  0.2364766081871345  0.9243421052631579  0.10087719298245613  0.046052631578947366  
