 0  0.5120614035087719  0.27850877192982454  0.14473684210526316  0.06359649122807018  
 0  0.5095029239766082  0.7083333333333334  0.14546783625730994  0.06798245614035088  
 0  0.23318713450292397  0.014802631578947368  0.10307017543859649  0.025219298245614034  
 0  0.2328216374269006  0.08168859649122807  0.10380116959064327  0.047149122807017545  
 0  0.2328216374269006  0.15789473684210525  0.10087719298245613  0.046052631578947366  
 0  0.23318713450292397  0.23574561403508773  0.10014619883040936  0.041666666666666664  
 0  0.2324561403508772  0.3130482456140351  0.10160818713450293  0.047149122807017545  
 0  0.23391812865497075  0.39035087719298245  0.10160818713450293  0.046052631578947366  
 0  0.23318713450292397  0.4654605263157895  0.10307017543859649  0.044956140350877194  
 0  0.2328216374269006  0.5449561403508771  0.1023391812865497  0.04824561403508772  
 0  0.23355263157894737  0.6206140350877193  0.1023391812865497  0.043859649122807015  
 0  0.2324561403508772  0.6973684210526315  0.10014619883040936  0.046052631578947366  
 0  0.23501461988304093  0.774671052631579  0.09941520467836257  0.047149122807017545  
 0  0.23428362573099415  0.8492324561403509  0.10087719298245613  0.044956140350877194  
 0  0.23428362573099415  0.924890350877193  0.10087719298245613  0.044956140350877194  
