 0  0.5113304093567251  0.28015350877192985  0.14473684210526316  0.06469298245614036  
 0  0.5098684210526315  0.7083333333333334  0.14181286549707603  0.06578947368421052  
 0  0.20285087719298245  0.05756578947368421  0.10087719298245613  0.047149122807017545  
 0  0.20321637426900585  0.13486842105263158  0.10160818713450293  0.04824561403508772  
 0  0.20394736842105263  0.21107456140350878  0.10307017543859649  0.044956140350877194  
 0  0.20394736842105263  0.2889254385964912  0.10307017543859649  0.049342105263157895  
 0  0.20321637426900585  0.3656798245614035  0.10160818713450293  0.044956140350877194  
 0  0.2046783625730994  0.44298245614035087  0.10014619883040936  0.046052631578947366  
 0  0.2046783625730994  0.518640350877193  0.10160818713450293  0.043859649122807015  
 0  0.20394736842105263  0.5970394736842105  0.10453216374269006  0.044956140350877194  
 0  0.20394736842105263  0.6726973684210527  0.10160818713450293  0.047149122807017545  
 0  0.20431286549707603  0.7489035087719298  0.1023391812865497  0.041666666666666664  
 0  0.20394736842105263  0.8262061403508771  0.10160818713450293  0.047149122807017545  
 0  0.20577485380116958  0.9018640350877193  0.10087719298245613  0.044956140350877194  
 0  0.2065058479532164  0.9764254385964912  0.1023391812865497  0.044956140350877194  
