 0  0.5116959064327485  0.27960526315789475  0.1440058479532164  0.06359649122807018  
 0  0.5087719298245614  0.7083333333333334  0.1440058479532164  0.06578947368421052  
 0  0.20394736842105263  0.05592105263157895  0.10307017543859649  0.046052631578947366  
 0  0.20394736842105263  0.13322368421052633  0.10307017543859649  0.044956140350877194  
 0  0.20285087719298245  0.21162280701754385  0.1023391812865497  0.046052631578947366  
 0  0.20358187134502925  0.28728070175438597  0.10087719298245613  0.041666666666666664  
 0  0.20394736842105263  0.36622807017543857  0.10160818713450293  0.041666666666666664  
 0  0.2050438596491228  0.4418859649122807  0.1023391812865497  0.043859649122807015  
 0  0.20431286549707603  0.5202850877192983  0.10380116959064327  0.044956140350877194  
 0  0.20431286549707603  0.5948464912280702  0.10380116959064327  0.044956140350877194  
 0  0.2050438596491228  0.6721491228070176  0.10526315789473684  0.04824561403508772  
 0  0.20394736842105263  0.7483552631578947  0.10014619883040936  0.044956140350877194  
 0  0.2046783625730994  0.8262061403508771  0.10014619883040936  0.049342105263157895  
 0  0.2054093567251462  0.9002192982456141  0.10014619883040936  0.046052631578947366  
 0  0.2054093567251462  0.975328947368421  0.10160818713450293  0.044956140350877194  
