 0  0.4780701754385965  0.3393640350877193  0.17324561403508773  0.0668859649122807  
 0  0.48026315789473684  0.7615131578947368  0.16885964912280702  0.0668859649122807  
 0  0.14144736842105263  0.02631578947368421  0.10526315789473684  0.04824561403508772  
 0  0.13998538011695907  0.1025219298245614  0.10087719298245613  0.049342105263157895  
 0  0.13998538011695907  0.18037280701754385  0.1023391812865497  0.047149122807017545  
 0  0.13998538011695907  0.25877192982456143  0.10087719298245613  0.046052631578947366  
 0  0.13961988304093567  0.33497807017543857  0.10160818713450293  0.044956140350877194  
 0  0.14108187134502925  0.4106359649122807  0.10160818713450293  0.047149122807017545  
 0  0.14108187134502925  0.48848684210526316  0.10160818713450293  0.044956140350877194  
 0  0.14181286549707603  0.5630482456140351  0.10160818713450293  0.044956140350877194  
 0  0.14071637426900585  0.6408991228070176  0.09941520467836257  0.047149122807017545  
 0  0.14108187134502925  0.7171052631578947  0.10160818713450293  0.043859649122807015  
 0  0.14071637426900585  0.793859649122807  0.10087719298245613  0.046052631578947366  
 0  0.14108187134502925  0.8706140350877193  0.10160818713450293  0.046052631578947366  
 0  0.14071637426900585  0.9457236842105263  0.10087719298245613  0.049342105263157895  
