 0  0.48062865497076024  0.33881578947368424  0.17543859649122806  0.06798245614035088  
 0  0.4791666666666667  0.762609649122807  0.1739766081871345  0.0668859649122807  
 0  0.13961988304093567  0.02631578947368421  0.10160818713450293  0.046052631578947366  
 0  0.13961988304093567  0.10307017543859649  0.10307017543859649  0.046052631578947366  
 0  0.13961988304093567  0.18037280701754385  0.10014619883040936  0.047149122807017545  
 0  0.13961988304093567  0.2576754385964912  0.10307017543859649  0.046052631578947366  
 0  0.14035087719298245  0.3338815789473684  0.10014619883040936  0.047149122807017545  
 0  0.13961988304093567  0.41173245614035087  0.10014619883040936  0.044956140350877194  
 0  0.14071637426900585  0.48793859649122806  0.10526315789473684  0.046052631578947366  
 0  0.14108187134502925  0.5652412280701754  0.10307017543859649  0.044956140350877194  
 0  0.14035087719298245  0.6408991228070176  0.10160818713450293  0.044956140350877194  
 0  0.14181286549707603  0.71875  0.10014619883040936  0.047149122807017545  
 0  0.13998538011695907  0.7944078947368421  0.09941520467836257  0.047149122807017545  
 0  0.14035087719298245  0.8695175438596491  0.10014619883040936  0.04824561403508772  
 0  0.14071637426900585  0.9451754385964912  0.10087719298245613  0.04824561403508772  
