 0  0.4791666666666667  0.3393640350877193  0.17690058479532164  0.06907894736842106  
 0  0.48099415204678364  0.7615131578947368  0.17324561403508773  0.06469298245614036  
 0  0.13998538011695907  0.0268640350877193  0.10526315789473684  0.047149122807017545  
 0  0.14035087719298245  0.10032894736842106  0.10453216374269006  0.051535087719298246  
 0  0.14071637426900585  0.17982456140350878  0.09941520467836257  0.043859649122807015  
 0  0.13961988304093567  0.2571271929824561  0.10014619883040936  0.044956140350877194  
 0  0.13961988304093567  0.3338815789473684  0.09722222222222222  0.04276315789473684  
 0  0.13961988304093567  0.41228070175438597  0.10014619883040936  0.043859649122807015  
 0  0.14035087719298245  0.4901315789473684  0.10014619883040936  0.046052631578947366  
 0  0.14144736842105263  0.5663377192982456  0.10087719298245613  0.044956140350877194  
 0  0.14144736842105263  0.6419956140350878  0.10087719298245613  0.044956140350877194  
 0  0.14071637426900585  0.7182017543859649  0.10087719298245613  0.046052631578947366  
 0  0.14035087719298245  0.793859649122807  0.09868421052631579  0.046052631578947366  
 0  0.14144736842105263  0.8700657894736842  0.10087719298245613  0.047149122807017545  
 0  0.1421783625730994  0.9451754385964912  0.09941520467836257  0.046052631578947366  
