 0  0.47989766081871343  0.3958333333333333  0.17251461988304093  0.06578947368421052  
 0  0.48026315789473684  0.8163377192982456  0.17178362573099415  0.06469298245614036  
 0  0.13998538011695907  0.02631578947368421  0.1023391812865497  0.05043859649122807  
 0  0.14035087719298245  0.10307017543859649  0.10160818713450293  0.04824561403508772  
 0  0.14071637426900585  0.18092105263157895  0.1023391812865497  0.043859649122807015  
 0  0.14035087719298245  0.25877192982456143  0.10160818713450293  0.046052631578947366  
 0  0.14071637426900585  0.3360745614035088  0.10087719298245613  0.044956140350877194  
 0  0.13998538011695907  0.4128289473684211  0.10087719298245613  0.044956140350877194  
 0  0.14071637426900585  0.48848684210526316  0.09941520467836257  0.047149122807017545  
 0  0.14071637426900585  0.5657894736842105  0.10380116959064327  0.04824561403508772  
 0  0.14108187134502925  0.6414473684210527  0.10453216374269006  0.046052631578947366  
 0  0.13961988304093567  0.7192982456140351  0.10453216374269006  0.04824561403508772  
 0  0.14071637426900585  0.793859649122807  0.10087719298245613  0.046052631578947366  
 0  0.14035087719298245  0.8700657894736842  0.10014619883040936  0.049342105263157895  
 0  0.14144736842105263  0.9457236842105263  0.09941520467836257  0.047149122807017545  
