 0  0.47989766081871343  0.3930921052631579  0.1695906432748538  0.06469298245614036  
 0  0.48026315789473684  0.8185307017543859  0.1703216374269006  0.06907894736842106  
 0  0.13998538011695907  0.02631578947368421  0.10087719298245613  0.04824561403508772  
 0  0.14035087719298245  0.10307017543859649  0.10160818713450293  0.04824561403508772  
 0  0.13998538011695907  0.17982456140350878  0.10087719298245613  0.043859649122807015  
 0  0.14035087719298245  0.25877192982456143  0.10014619883040936  0.043859649122807015  
 0  0.13961988304093567  0.33497807017543857  0.10014619883040936  0.044956140350877194  
 0  0.13998538011695907  0.4128289473684211  0.10087719298245613  0.04276315789473684  
 0  0.14071637426900585  0.48848684210526316  0.1023391812865497  0.047149122807017545  
 0  0.14144736842105263  0.5641447368421053  0.10087719298245613  0.04276315789473684  
 0  0.14108187134502925  0.6414473684210527  0.10307017543859649  0.04824561403508772  
 0  0.14035087719298245  0.7192982456140351  0.10307017543859649  0.04824561403508772  
 0  0.13925438596491227  0.7944078947368421  0.09941520467836257  0.047149122807017545  
 0  0.14071637426900585  0.8695175438596491  0.1023391812865497  0.04824561403508772  
 0  0.14181286549707603  0.9446271929824561  0.10160818713450293  0.047149122807017545  
