 0  0.4722222222222222  0.09100877192982457  0.17178362573099415  0.06359649122807018  
 0  0.4733187134502924  0.5153508771929824  0.1695906432748538  0.06359649122807018  
 0  0.4733187134502924  0.9353070175438597  0.16812865497076024  0.06359649122807018  
 0  0.14071637426900585  0.9451754385964912  0.1023391812865497  0.046052631578947366  
 0  0.14071637426900585  0.8700657894736842  0.10087719298245613  0.047149122807017545  
 0  0.14108187134502925  0.7927631578947368  0.10014619883040936  0.04824561403508772  
 0  0.14108187134502925  0.7176535087719298  0.10014619883040936  0.047149122807017545  
 0  0.14144736842105263  0.6398026315789473  0.09941520467836257  0.047149122807017545  
 0  0.14035087719298245  0.5646929824561403  0.10014619883040936  0.043859649122807015  
 0  0.14071637426900585  0.48848684210526316  0.09941520467836257  0.04276315789473684  
 0  0.13998538011695907  0.41118421052631576  0.10087719298245613  0.046052631578947366  
 0  0.14035087719298245  0.3338815789473684  0.10014619883040936  0.04276315789473684  
 0  0.14108187134502925  0.25877192982456143  0.10160818713450293  0.046052631578947366  
 0  0.14035087719298245  0.18092105263157895  0.10014619883040936  0.046052631578947366  
 0  0.13961988304093567  0.10361842105263158  0.10307017543859649  0.044956140350877194  
 0  0.13961988304093567  0.027412280701754384  0.10160818713450293  0.046052631578947366  
